# Camera list with one line of data per camera:
#   CAMERA_ID, MODEL, WIDTH, HEIGHT, PARAMS[]
# Number of cameras: 711
734 SIMPLE_PINHOLE 580 1024 880.05437022594322 290 512
733 SIMPLE_PINHOLE 580 1024 878.49807356954568 290 512
732 SIMPLE_PINHOLE 580 1024 879.32407408323604 290 512
731 SIMPLE_PINHOLE 580 1024 878.08009853172518 290 512
730 SIMPLE_PINHOLE 580 1024 877.23447099513908 290 512
729 SIMPLE_PINHOLE 580 1024 878.91806487164308 290 512
728 SIMPLE_PINHOLE 580 1024 880.65545930337532 290 512
727 SIMPLE_PINHOLE 580 1024 882.44293935770247 290 512
726 SIMPLE_PINHOLE 580 1024 882.2020684792858 290 512
725 SIMPLE_PINHOLE 580 1024 885.14761246955504 290 512
724 SIMPLE_PINHOLE 580 1024 884.24342901819784 290 512
723 SIMPLE_PINHOLE 580 1024 887.65965288143491 290 512
722 SIMPLE_PINHOLE 580 1024 889.38831676839948 290 512
721 SIMPLE_PINHOLE 580 1024 888.9621836191078 290 512
720 SIMPLE_PINHOLE 580 1024 886.47531814066554 290 512
719 SIMPLE_PINHOLE 580 1024 885.30849934964488 290 512
718 SIMPLE_PINHOLE 580 1024 881.36181615707471 290 512
717 SIMPLE_PINHOLE 580 1024 881.3111157986516 290 512
716 SIMPLE_PINHOLE 580 1024 877.24837279196061 290 512
715 SIMPLE_PINHOLE 580 1024 877.72800124809419 290 512
714 SIMPLE_PINHOLE 580 1024 879.02098132884669 290 512
713 SIMPLE_PINHOLE 580 1024 877.50058374256753 290 512
712 SIMPLE_PINHOLE 580 1024 875.24070172681218 290 512
711 SIMPLE_PINHOLE 580 1024 878.13198961779585 290 512
710 SIMPLE_PINHOLE 580 1024 876.72630622034364 290 512
709 SIMPLE_PINHOLE 580 1024 878.25437127744226 290 512
708 SIMPLE_PINHOLE 580 1024 874.67415909724446 290 512
707 SIMPLE_PINHOLE 580 1024 879.3078797997191 290 512
706 SIMPLE_PINHOLE 580 1024 882.13562834581262 290 512
705 SIMPLE_PINHOLE 580 1024 878.41511906594917 290 512
704 SIMPLE_PINHOLE 580 1024 879.49314766345356 290 512
703 SIMPLE_PINHOLE 580 1024 881.22616867026306 290 512
702 SIMPLE_PINHOLE 580 1024 876.93709582056488 290 512
701 SIMPLE_PINHOLE 580 1024 882.64702196570056 290 512
700 SIMPLE_PINHOLE 580 1024 880.25608214349484 290 512
699 SIMPLE_PINHOLE 580 1024 882.77662831390978 290 512
698 SIMPLE_PINHOLE 580 1024 882.5787714442672 290 512
697 SIMPLE_PINHOLE 580 1024 881.4196574396849 290 512
696 SIMPLE_PINHOLE 580 1024 880.63269811486873 290 512
695 SIMPLE_PINHOLE 580 1024 881.66015387713333 290 512
694 SIMPLE_PINHOLE 580 1024 879.40803484318246 290 512
693 SIMPLE_PINHOLE 580 1024 881.58001128712738 290 512
692 SIMPLE_PINHOLE 580 1024 881.44063685123399 290 512
691 SIMPLE_PINHOLE 580 1024 893.76599600426334 290 512
690 SIMPLE_PINHOLE 580 1024 895.65552308604435 290 512
689 SIMPLE_PINHOLE 580 1024 887.27949558986006 290 512
688 SIMPLE_PINHOLE 580 1024 881.13371343046299 290 512
687 SIMPLE_PINHOLE 580 1024 885.08206442126789 290 512
686 SIMPLE_PINHOLE 580 1024 882.18001731748814 290 512
685 SIMPLE_PINHOLE 580 1024 877.44192587708585 290 512
684 SIMPLE_PINHOLE 580 1024 880.71981515146274 290 512
683 SIMPLE_PINHOLE 580 1024 876.57057239807898 290 512
682 SIMPLE_PINHOLE 580 1024 877.08554175152153 290 512
681 SIMPLE_PINHOLE 580 1024 879.01369090301876 290 512
680 SIMPLE_PINHOLE 580 1024 884.74067879222491 290 512
679 SIMPLE_PINHOLE 580 1024 883.78005539427363 290 512
678 SIMPLE_PINHOLE 580 1024 890.39277854548686 290 512
677 SIMPLE_PINHOLE 580 1024 892.06591592351606 290 512
676 SIMPLE_PINHOLE 580 1024 892.13629186855997 290 512
675 SIMPLE_PINHOLE 580 1024 895.53118007009937 290 512
674 SIMPLE_PINHOLE 580 1024 892.0510697659804 290 512
673 SIMPLE_PINHOLE 580 1024 886.90523742891958 290 512
672 SIMPLE_PINHOLE 580 1024 879.03808639207023 290 512
671 SIMPLE_PINHOLE 580 1024 880.77455582672951 290 512
670 SIMPLE_PINHOLE 580 1024 880.97970621703439 290 512
669 SIMPLE_PINHOLE 580 1024 880.19665907187789 290 512
668 SIMPLE_PINHOLE 580 1024 880.33358930587815 290 512
667 SIMPLE_PINHOLE 580 1024 881.89515106010288 290 512
666 SIMPLE_PINHOLE 580 1024 878.55677001543665 290 512
665 SIMPLE_PINHOLE 580 1024 878.23725567254928 290 512
664 SIMPLE_PINHOLE 580 1024 875.66333534448972 290 512
663 SIMPLE_PINHOLE 580 1024 873.74291358180585 290 512
662 SIMPLE_PINHOLE 580 1024 871.21638262436409 290 512
661 SIMPLE_PINHOLE 580 1024 875.74955404450884 290 512
660 SIMPLE_PINHOLE 580 1024 879.59506725461574 290 512
659 SIMPLE_PINHOLE 580 1024 881.91755399894146 290 512
658 SIMPLE_PINHOLE 580 1024 881.38256259922559 290 512
657 SIMPLE_PINHOLE 580 1024 882.20665472914186 290 512
656 SIMPLE_PINHOLE 580 1024 878.86600091319963 290 512
655 SIMPLE_PINHOLE 580 1024 880.83798638866926 290 512
654 SIMPLE_PINHOLE 580 1024 883.50510459066504 290 512
653 SIMPLE_PINHOLE 580 1024 881.75438638492142 290 512
652 SIMPLE_PINHOLE 580 1024 884.26967773445415 290 512
651 SIMPLE_PINHOLE 580 1024 884.59867525648554 290 512
650 SIMPLE_PINHOLE 580 1024 880.62847005132596 290 512
649 SIMPLE_PINHOLE 576 1024 857.72481759551829 288 512
648 SIMPLE_PINHOLE 576 1024 861.8776655069089 288 512
647 SIMPLE_PINHOLE 576 1024 859.93668810193742 288 512
646 SIMPLE_PINHOLE 576 1024 863.7362755574635 288 512
645 SIMPLE_PINHOLE 576 1024 869.92239966240902 288 512
644 SIMPLE_PINHOLE 576 1024 872.78417980644303 288 512
643 SIMPLE_PINHOLE 576 1024 868.22794154388941 288 512
642 SIMPLE_PINHOLE 576 1024 877.47062178349108 288 512
641 SIMPLE_PINHOLE 576 1024 868.39951178114291 288 512
640 SIMPLE_PINHOLE 576 1024 872.25628449676685 288 512
639 SIMPLE_PINHOLE 576 1024 874.12852956953395 288 512
638 SIMPLE_PINHOLE 576 1024 874.48139258673632 288 512
637 SIMPLE_PINHOLE 576 1024 874.88226084773601 288 512
636 SIMPLE_PINHOLE 576 1024 874.91460752888725 288 512
635 SIMPLE_PINHOLE 576 1024 873.7931035516832 288 512
634 SIMPLE_PINHOLE 576 1024 900.13957515124548 288 512
633 SIMPLE_PINHOLE 576 1024 863.6375716304866 288 512
621 SIMPLE_PINHOLE 576 1024 884.51153583122641 288 512
620 SIMPLE_PINHOLE 576 1024 861.55424708119119 288 512
619 SIMPLE_PINHOLE 576 1024 878.3003945610443 288 512
618 SIMPLE_PINHOLE 576 1024 901.73357464276876 288 512
617 SIMPLE_PINHOLE 576 1024 885.22157179919827 288 512
616 SIMPLE_PINHOLE 576 1024 889.20029445111118 288 512
615 SIMPLE_PINHOLE 576 1024 881.24403322538194 288 512
614 SIMPLE_PINHOLE 576 1024 890.71071589540793 288 512
613 SIMPLE_PINHOLE 576 1024 1031.1306265583689 288 512
612 SIMPLE_PINHOLE 576 1024 1043.8794777245789 288 512
611 SIMPLE_PINHOLE 576 1024 1005.8703439629443 288 512
610 SIMPLE_PINHOLE 576 1024 941.54287575456738 288 512
609 SIMPLE_PINHOLE 576 1024 935.97220495769022 288 512
608 SIMPLE_PINHOLE 576 1024 948.01237309002329 288 512
607 SIMPLE_PINHOLE 576 1024 953.14277634378789 288 512
606 SIMPLE_PINHOLE 576 1024 939.16163171115761 288 512
605 SIMPLE_PINHOLE 576 1024 915.32580335804505 288 512
604 SIMPLE_PINHOLE 576 1024 915.96634423920841 288 512
603 SIMPLE_PINHOLE 576 1024 909.76390043561526 288 512
602 SIMPLE_PINHOLE 576 1024 917.99286181485479 288 512
601 SIMPLE_PINHOLE 576 1024 926.40127555660149 288 512
600 SIMPLE_PINHOLE 576 1024 926.98689066181703 288 512
599 SIMPLE_PINHOLE 576 1024 919.21304939730305 288 512
598 SIMPLE_PINHOLE 576 1024 918.41537448247198 288 512
597 SIMPLE_PINHOLE 576 1024 919.29640440521155 288 512
596 SIMPLE_PINHOLE 576 1024 913.56181035319821 288 512
595 SIMPLE_PINHOLE 576 1024 879.39151319034272 288 512
594 SIMPLE_PINHOLE 576 1024 1029.3406167142307 288 512
593 SIMPLE_PINHOLE 576 1024 1322.5030914741908 288 512
592 SIMPLE_PINHOLE 576 1024 885.18258691525068 288 512
591 SIMPLE_PINHOLE 576 1024 530.70495616807045 288 512
590 SIMPLE_PINHOLE 576 1024 844.45950804349775 288 512
589 SIMPLE_PINHOLE 576 1024 845.12684128208173 288 512
588 SIMPLE_PINHOLE 576 1024 857.58686931756131 288 512
587 SIMPLE_PINHOLE 576 1024 864.91728834644459 288 512
586 SIMPLE_PINHOLE 576 1024 867.07560316741058 288 512
585 SIMPLE_PINHOLE 576 1024 875.01267519985572 288 512
584 SIMPLE_PINHOLE 576 1024 886.11497750147328 288 512
583 SIMPLE_PINHOLE 576 1024 914.68984541070029 288 512
582 SIMPLE_PINHOLE 576 1024 909.1697471015367 288 512
581 SIMPLE_PINHOLE 576 1024 905.45663648196353 288 512
580 SIMPLE_PINHOLE 576 1024 905.66937050939305 288 512
579 SIMPLE_PINHOLE 576 1024 892.78443211300066 288 512
578 SIMPLE_PINHOLE 576 1024 892.80456532158382 288 512
577 SIMPLE_PINHOLE 576 1024 886.96376948750822 288 512
576 SIMPLE_PINHOLE 576 1024 881.05788514157996 288 512
575 SIMPLE_PINHOLE 576 1024 879.59378361525467 288 512
574 SIMPLE_PINHOLE 576 1024 872.63193722398717 288 512
573 SIMPLE_PINHOLE 576 1024 885.05665080108258 288 512
572 SIMPLE_PINHOLE 576 1024 864.95278332223643 288 512
571 SIMPLE_PINHOLE 576 1024 884.17350603076852 288 512
570 SIMPLE_PINHOLE 576 1024 888.88782381397164 288 512
569 SIMPLE_PINHOLE 576 1024 850.47094594192811 288 512
568 SIMPLE_PINHOLE 576 1024 848.54935629810848 288 512
567 SIMPLE_PINHOLE 576 1024 883.78786927468013 288 512
566 SIMPLE_PINHOLE 576 1024 877.29884008198815 288 512
565 SIMPLE_PINHOLE 576 1024 838.27802563546948 288 512
564 SIMPLE_PINHOLE 576 1024 804.35006237353878 288 512
563 SIMPLE_PINHOLE 576 1024 816.15092516623417 288 512
562 SIMPLE_PINHOLE 576 1024 817.96239595635006 288 512
561 SIMPLE_PINHOLE 576 1024 884.26728841961756 288 512
560 SIMPLE_PINHOLE 576 1024 873.06269034397815 288 512
559 SIMPLE_PINHOLE 576 1024 863.67695522668816 288 512
558 SIMPLE_PINHOLE 576 1024 875.46587165765379 288 512
557 SIMPLE_PINHOLE 576 1024 886.50218516904295 288 512
556 SIMPLE_PINHOLE 576 1024 874.83944049040224 288 512
555 SIMPLE_PINHOLE 576 1024 876.50998062885867 288 512
554 SIMPLE_PINHOLE 576 1024 873.48366580166032 288 512
257 SIMPLE_PINHOLE 580 1024 880.47360373763809 290 512
256 SIMPLE_PINHOLE 580 1024 875.38600123504443 290 512
255 SIMPLE_PINHOLE 580 1024 880.05318402948103 290 512
254 SIMPLE_PINHOLE 580 1024 879.35267840374308 290 512
253 SIMPLE_PINHOLE 580 1024 878.47752469940417 290 512
252 SIMPLE_PINHOLE 580 1024 882.78506241039668 290 512
251 SIMPLE_PINHOLE 580 1024 880.50747669496786 290 512
250 SIMPLE_PINHOLE 580 1024 881.14461362365296 290 512
249 SIMPLE_PINHOLE 580 1024 877.78495759401255 290 512
248 SIMPLE_PINHOLE 580 1024 879.48511331759482 290 512
247 SIMPLE_PINHOLE 580 1024 877.89374752924437 290 512
246 SIMPLE_PINHOLE 580 1024 878.22760630628284 290 512
245 SIMPLE_PINHOLE 580 1024 876.29518890356474 290 512
244 SIMPLE_PINHOLE 580 1024 873.46972182160903 290 512
243 SIMPLE_PINHOLE 580 1024 870.29045571162271 290 512
242 SIMPLE_PINHOLE 580 1024 873.72514873659952 290 512
241 SIMPLE_PINHOLE 580 1024 874.39137931785888 290 512
240 SIMPLE_PINHOLE 580 1024 874.25835169599156 290 512
239 SIMPLE_PINHOLE 580 1024 874.41901142243205 290 512
238 SIMPLE_PINHOLE 580 1024 877.7114163990592 290 512
237 SIMPLE_PINHOLE 580 1024 876.71465193513052 290 512
236 SIMPLE_PINHOLE 580 1024 874.76653540906614 290 512
235 SIMPLE_PINHOLE 580 1024 876.52425471437937 290 512
234 SIMPLE_PINHOLE 580 1024 870.53461306164331 290 512
233 SIMPLE_PINHOLE 580 1024 868.5828449748733 290 512
232 SIMPLE_PINHOLE 580 1024 871.41452895698581 290 512
231 SIMPLE_PINHOLE 580 1024 874.50209063614523 290 512
230 SIMPLE_PINHOLE 580 1024 868.14278183529836 290 512
229 SIMPLE_PINHOLE 580 1024 872.89868913478358 290 512
228 SIMPLE_PINHOLE 580 1024 870.58325760585103 290 512
227 SIMPLE_PINHOLE 580 1024 872.82779392726309 290 512
226 SIMPLE_PINHOLE 580 1024 871.35720968427552 290 512
225 SIMPLE_PINHOLE 580 1024 871.47368513990068 290 512
224 SIMPLE_PINHOLE 580 1024 875.02413387158572 290 512
223 SIMPLE_PINHOLE 580 1024 881.72259498442099 290 512
222 SIMPLE_PINHOLE 580 1024 884.9391824585532 290 512
221 SIMPLE_PINHOLE 580 1024 879.68644811834463 290 512
220 SIMPLE_PINHOLE 580 1024 874.13538191963983 290 512
219 SIMPLE_PINHOLE 580 1024 871.34609849840979 290 512
218 SIMPLE_PINHOLE 580 1024 871.79870542828871 290 512
217 SIMPLE_PINHOLE 580 1024 873.9372662853574 290 512
216 SIMPLE_PINHOLE 580 1024 873.31914617578263 290 512
215 SIMPLE_PINHOLE 580 1024 873.45004316700567 290 512
214 SIMPLE_PINHOLE 768 1024 718.68643063540935 384 512
213 SIMPLE_PINHOLE 768 1024 720.43278959009263 384 512
212 SIMPLE_PINHOLE 768 1024 719.50714615732102 384 512
211 SIMPLE_PINHOLE 768 1024 721.89724232852507 384 512
210 SIMPLE_PINHOLE 768 1024 723.68430880730455 384 512
209 SIMPLE_PINHOLE 768 1024 722.66067145117211 384 512
208 SIMPLE_PINHOLE 768 1024 720.96653186959009 384 512
207 SIMPLE_PINHOLE 768 1024 718.27958922949847 384 512
206 SIMPLE_PINHOLE 768 1024 713.75979833076576 384 512
205 SIMPLE_PINHOLE 768 1024 713.80866188180812 384 512
204 SIMPLE_PINHOLE 768 1024 714.67761594019066 384 512
203 SIMPLE_PINHOLE 768 1024 714.03296088511797 384 512
202 SIMPLE_PINHOLE 768 1024 714.07640448379607 384 512
201 SIMPLE_PINHOLE 768 1024 714.57763626257281 384 512
200 SIMPLE_PINHOLE 768 1024 715.45090699286186 384 512
199 SIMPLE_PINHOLE 768 1024 716.47293176218534 384 512
198 SIMPLE_PINHOLE 768 1024 715.97087848248611 384 512
197 SIMPLE_PINHOLE 768 1024 716.54403672425258 384 512
196 SIMPLE_PINHOLE 768 1024 716.91822951265897 384 512
195 SIMPLE_PINHOLE 768 1024 717.28104916224106 384 512
194 SIMPLE_PINHOLE 768 1024 719.97368942302899 384 512
193 SIMPLE_PINHOLE 768 1024 717.08382320406713 384 512
192 SIMPLE_PINHOLE 768 1024 719.0055849850055 384 512
191 SIMPLE_PINHOLE 768 1024 716.00664561977771 384 512
190 SIMPLE_PINHOLE 768 1024 714.05306345300733 384 512
189 SIMPLE_PINHOLE 768 1024 713.9123860654546 384 512
188 SIMPLE_PINHOLE 768 1024 714.74127385257646 384 512
187 SIMPLE_PINHOLE 768 1024 712.89648785511486 384 512
186 SIMPLE_PINHOLE 768 1024 711.66891335731145 384 512
185 SIMPLE_PINHOLE 768 1024 711.86405420119706 384 512
184 SIMPLE_PINHOLE 768 1024 711.49721650937579 384 512
183 SIMPLE_PINHOLE 768 1024 711.25907276496298 384 512
182 SIMPLE_PINHOLE 768 1024 711.88083510347758 384 512
181 SIMPLE_PINHOLE 768 1024 710.61146063576496 384 512
180 SIMPLE_PINHOLE 768 1024 712.68511307787435 384 512
179 SIMPLE_PINHOLE 768 1024 712.25845883371062 384 512
178 SIMPLE_PINHOLE 768 1024 712.26247407163055 384 512
177 SIMPLE_PINHOLE 768 1024 709.44418450254761 384 512
176 SIMPLE_PINHOLE 768 1024 710.15390206029485 384 512
175 SIMPLE_PINHOLE 768 1024 711.28040883836263 384 512
174 SIMPLE_PINHOLE 768 1024 710.23553843043237 384 512
173 SIMPLE_PINHOLE 768 1024 710.9957636130606 384 512
172 SIMPLE_PINHOLE 768 1024 711.53369089594923 384 512
171 SIMPLE_PINHOLE 768 1024 710.57099780231636 384 512
170 SIMPLE_PINHOLE 768 1024 711.60107793854456 384 512
169 SIMPLE_PINHOLE 768 1024 711.07907861314447 384 512
168 SIMPLE_PINHOLE 768 1024 710.62725045557283 384 512
167 SIMPLE_PINHOLE 768 1024 709.11215608987425 384 512
166 SIMPLE_PINHOLE 768 1024 709.32169616173462 384 512
165 SIMPLE_PINHOLE 768 1024 709.79141222557212 384 512
164 SIMPLE_PINHOLE 768 1024 709.54949807302876 384 512
163 SIMPLE_PINHOLE 768 1024 710.37063244377589 384 512
162 SIMPLE_PINHOLE 768 1024 711.10173435073364 384 512
161 SIMPLE_PINHOLE 768 1024 711.07013901411949 384 512
160 SIMPLE_PINHOLE 768 1024 711.32167877625182 384 512
159 SIMPLE_PINHOLE 768 1024 713.5123617457549 384 512
158 SIMPLE_PINHOLE 768 1024 716.43177311949398 384 512
157 SIMPLE_PINHOLE 768 1024 716.61981175213668 384 512
156 SIMPLE_PINHOLE 768 1024 716.94611511694984 384 512
155 SIMPLE_PINHOLE 768 1024 718.21034480210403 384 512
154 SIMPLE_PINHOLE 768 1024 721.6622739102985 384 512
153 SIMPLE_PINHOLE 768 1024 721.46538416116448 384 512
152 SIMPLE_PINHOLE 768 1024 718.08710838891511 384 512
151 SIMPLE_PINHOLE 768 1024 715.61805254877049 384 512
150 SIMPLE_PINHOLE 768 1024 717.66757457364804 384 512
149 SIMPLE_PINHOLE 768 1024 717.91590626045524 384 512
148 SIMPLE_PINHOLE 768 1024 718.22170123362855 384 512
147 SIMPLE_PINHOLE 768 1024 719.30868323395123 384 512
146 SIMPLE_PINHOLE 768 1024 719.83849568990604 384 512
145 SIMPLE_PINHOLE 768 1024 717.60974173438774 384 512
144 SIMPLE_PINHOLE 768 1024 719.33443995845221 384 512
143 SIMPLE_PINHOLE 768 1024 720.00220232028641 384 512
142 SIMPLE_PINHOLE 768 1024 722.11836784160732 384 512
141 SIMPLE_PINHOLE 768 1024 724.38412388819972 384 512
140 SIMPLE_PINHOLE 768 1024 726.64003378156337 384 512
139 SIMPLE_PINHOLE 768 1024 726.29048168649649 384 512
138 SIMPLE_PINHOLE 768 1024 725.02101124754449 384 512
137 SIMPLE_PINHOLE 768 1024 719.18583391789377 384 512
55 SIMPLE_PINHOLE 576 1024 856.51871428827189 288 512
54 SIMPLE_PINHOLE 576 1024 857.5290951124781 288 512
53 SIMPLE_PINHOLE 576 1024 859.32472484741299 288 512
52 SIMPLE_PINHOLE 768 1024 714.02223348250891 384 512
51 SIMPLE_PINHOLE 768 1024 711.81078713316765 384 512
50 SIMPLE_PINHOLE 768 1024 711.80252314561483 384 512
49 SIMPLE_PINHOLE 768 1024 712.06902614949649 384 512
48 SIMPLE_PINHOLE 768 1024 710.62722501725159 384 512
47 SIMPLE_PINHOLE 768 1024 709.64819156419719 384 512
46 SIMPLE_PINHOLE 768 1024 708.99041074959496 384 512
45 SIMPLE_PINHOLE 768 1024 708.04460380502576 384 512
44 SIMPLE_PINHOLE 768 1024 658.55772966375343 384 512
43 SIMPLE_PINHOLE 768 1024 717.72620246313102 384 512
42 SIMPLE_PINHOLE 768 1024 710.25712980575872 384 512
41 SIMPLE_PINHOLE 768 1024 723.46183668526351 384 512
40 SIMPLE_PINHOLE 768 1024 715.54687171385694 384 512
39 SIMPLE_PINHOLE 768 1024 712.11682186869405 384 512
38 SIMPLE_PINHOLE 768 1024 714.80918675590965 384 512
37 SIMPLE_PINHOLE 768 1024 704.88386762455116 384 512
36 SIMPLE_PINHOLE 768 1024 707.19577335403335 384 512
35 SIMPLE_PINHOLE 768 1024 707.33939926731398 384 512
34 SIMPLE_PINHOLE 768 1024 709.15024549607438 384 512
33 SIMPLE_PINHOLE 768 1024 711.12579718474888 384 512
32 SIMPLE_PINHOLE 768 1024 715.69860210659738 384 512
31 SIMPLE_PINHOLE 768 1024 718.82318804081933 384 512
30 SIMPLE_PINHOLE 768 1024 713.52509000209284 384 512
13 SIMPLE_PINHOLE 768 1024 726.82186861825448 384 512
12 SIMPLE_PINHOLE 768 1024 720.70534461324871 384 512
553 SIMPLE_PINHOLE 576 1024 875.05406753548232 288 512
11 SIMPLE_PINHOLE 768 1024 714.53485446056482 384 512
552 SIMPLE_PINHOLE 576 1024 878.54932363868363 288 512
10 SIMPLE_PINHOLE 768 1024 715.26286221475971 384 512
551 SIMPLE_PINHOLE 576 1024 878.26330857358755 288 512
68 SIMPLE_PINHOLE 576 1024 851.94176622695147 288 512
266 SIMPLE_PINHOLE 580 1024 882.99235788820317 290 512
9 SIMPLE_PINHOLE 768 1024 714.13038436603961 384 512
550 SIMPLE_PINHOLE 576 1024 881.81166865246269 288 512
136 SIMPLE_PINHOLE 768 1024 719.64308842693708 384 512
67 SIMPLE_PINHOLE 576 1024 851.57146813436884 288 512
265 SIMPLE_PINHOLE 580 1024 878.1292830170147 290 512
8 SIMPLE_PINHOLE 768 1024 714.44889391773199 384 512
549 SIMPLE_PINHOLE 576 1024 880.93560966067332 288 512
135 SIMPLE_PINHOLE 768 1024 722.42276287264087 384 512
66 SIMPLE_PINHOLE 576 1024 851.7949169193605 288 512
264 SIMPLE_PINHOLE 580 1024 878.52834545260453 290 512
7 SIMPLE_PINHOLE 768 1024 713.95760538745105 384 512
548 SIMPLE_PINHOLE 576 1024 889.29688233922002 288 512
134 SIMPLE_PINHOLE 768 1024 725.60314684385071 384 512
65 SIMPLE_PINHOLE 576 1024 856.24904747421158 288 512
263 SIMPLE_PINHOLE 580 1024 878.36655215382677 290 512
6 SIMPLE_PINHOLE 768 1024 714.32700076208869 384 512
547 SIMPLE_PINHOLE 576 1024 899.98374657326019 288 512
133 SIMPLE_PINHOLE 768 1024 726.93735061331768 384 512
262 SIMPLE_PINHOLE 580 1024 878.95218095253381 290 512
5 SIMPLE_PINHOLE 768 1024 780.69364293525962 384 512
546 SIMPLE_PINHOLE 576 1024 891.2563153194377 288 512
132 SIMPLE_PINHOLE 768 1024 729.41045286412407 384 512
261 SIMPLE_PINHOLE 580 1024 880.3426935750291 290 512
4 SIMPLE_PINHOLE 768 1024 774.74893844684732 384 512
545 SIMPLE_PINHOLE 580 1024 879.94412929144335 290 512
131 SIMPLE_PINHOLE 768 1024 727.18507481757774 384 512
260 SIMPLE_PINHOLE 580 1024 878.27270158352519 290 512
3 SIMPLE_PINHOLE 768 1024 774.1779206690012 384 512
544 SIMPLE_PINHOLE 580 1024 879.2607910885921 290 512
130 SIMPLE_PINHOLE 768 1024 726.59698033442089 384 512
259 SIMPLE_PINHOLE 580 1024 879.8199843356083 290 512
2 SIMPLE_PINHOLE 768 1024 775.65495430961823 384 512
543 SIMPLE_PINHOLE 580 1024 879.51727161325744 290 512
129 SIMPLE_PINHOLE 768 1024 724.0956803304249 384 512
258 SIMPLE_PINHOLE 580 1024 881.16513860766793 290 512
1 SIMPLE_PINHOLE 768 1024 768.43138790323212 384 512
542 SIMPLE_PINHOLE 580 1024 882.83174869783534 290 512
128 SIMPLE_PINHOLE 768 1024 721.96026454391586 384 512
14 SIMPLE_PINHOLE 768 1024 1397.1514113062872 384 512
15 SIMPLE_PINHOLE 768 1024 2263.4759908951646 384 512
16 SIMPLE_PINHOLE 768 1024 2345.9634481884445 384 512
17 SIMPLE_PINHOLE 768 1024 2315.8910138198407 384 512
18 SIMPLE_PINHOLE 768 1024 2368.5817049204134 384 512
19 SIMPLE_PINHOLE 768 1024 1508.9699917175972 384 512
20 SIMPLE_PINHOLE 768 1024 2329.5577986430339 384 512
21 SIMPLE_PINHOLE 768 1024 2302.4248917526652 384 512
22 SIMPLE_PINHOLE 768 1024 723.23577502607873 384 512
23 SIMPLE_PINHOLE 768 1024 727.62907602227983 384 512
24 SIMPLE_PINHOLE 768 1024 719.4245288752951 384 512
25 SIMPLE_PINHOLE 768 1024 718.47697122054842 384 512
26 SIMPLE_PINHOLE 768 1024 727.24932737693837 384 512
27 SIMPLE_PINHOLE 1024 768 734.50061457249205 512 384
28 SIMPLE_PINHOLE 768 1024 708.70667188172888 384 512
29 SIMPLE_PINHOLE 768 1024 707.96575929623998 384 512
69 SIMPLE_PINHOLE 576 1024 851.18322762962021 288 512
70 SIMPLE_PINHOLE 576 1024 851.92025082222733 288 512
71 SIMPLE_PINHOLE 576 1024 856.5673851800841 288 512
72 SIMPLE_PINHOLE 576 1024 861.00113522639776 288 512
73 SIMPLE_PINHOLE 576 1024 861.58498894079173 288 512
74 SIMPLE_PINHOLE 576 1024 861.05617753380852 288 512
75 SIMPLE_PINHOLE 576 1024 865.99805340563046 288 512
76 SIMPLE_PINHOLE 576 1024 864.73865979579057 288 512
77 SIMPLE_PINHOLE 576 1024 867.94028196209354 288 512
78 SIMPLE_PINHOLE 576 1024 867.41682510213434 288 512
79 SIMPLE_PINHOLE 768 1024 712.53652569918222 384 512
80 SIMPLE_PINHOLE 768 1024 714.94410661597703 384 512
81 SIMPLE_PINHOLE 576 1024 867.43170296606081 288 512
82 SIMPLE_PINHOLE 576 1024 872.78539147098479 288 512
83 SIMPLE_PINHOLE 576 1024 877.65760536151686 288 512
84 SIMPLE_PINHOLE 576 1024 871.72126105700863 288 512
85 SIMPLE_PINHOLE 576 1024 877.28756096422023 288 512
86 SIMPLE_PINHOLE 576 1024 871.0846075012098 288 512
87 SIMPLE_PINHOLE 576 1024 882.73179998703097 288 512
88 SIMPLE_PINHOLE 576 1024 880.15492861216853 288 512
89 SIMPLE_PINHOLE 576 1024 880.70071844322058 288 512
90 SIMPLE_PINHOLE 576 1024 874.94663546900301 288 512
91 SIMPLE_PINHOLE 576 1024 870.79051538377871 288 512
92 SIMPLE_PINHOLE 576 1024 875.09928630938384 288 512
93 SIMPLE_PINHOLE 576 1024 869.64983053526896 288 512
94 SIMPLE_PINHOLE 576 1024 877.67301283237998 288 512
95 SIMPLE_PINHOLE 576 1024 866.29212936399108 288 512
96 SIMPLE_PINHOLE 768 1024 715.16407200528795 384 512
97 SIMPLE_PINHOLE 768 1024 713.96925532306136 384 512
98 SIMPLE_PINHOLE 768 1024 716.19196984946404 384 512
99 SIMPLE_PINHOLE 768 1024 719.38133970803631 384 512
100 SIMPLE_PINHOLE 768 1024 716.04949044401712 384 512
101 SIMPLE_PINHOLE 768 1024 713.30514982535567 384 512
102 SIMPLE_PINHOLE 768 1024 721.81154835411462 384 512
103 SIMPLE_PINHOLE 768 1024 722.61840984825722 384 512
104 SIMPLE_PINHOLE 768 1024 718.13669451519297 384 512
105 SIMPLE_PINHOLE 768 1024 715.86034683787273 384 512
106 SIMPLE_PINHOLE 768 1024 727.02865981830257 384 512
107 SIMPLE_PINHOLE 768 1024 721.36185444520595 384 512
108 SIMPLE_PINHOLE 768 1024 719.79371936495215 384 512
109 SIMPLE_PINHOLE 768 1024 718.8790081390548 384 512
110 SIMPLE_PINHOLE 768 1024 718.91666437020899 384 512
111 SIMPLE_PINHOLE 768 1024 718.88255343192827 384 512
112 SIMPLE_PINHOLE 768 1024 719.97778495548926 384 512
113 SIMPLE_PINHOLE 768 1024 725.94304459319744 384 512
114 SIMPLE_PINHOLE 768 1024 726.82761167802244 384 512
115 SIMPLE_PINHOLE 768 1024 712.78901049456954 384 512
116 SIMPLE_PINHOLE 768 1024 714.45358092703805 384 512
117 SIMPLE_PINHOLE 768 1024 720.07901222386431 384 512
118 SIMPLE_PINHOLE 768 1024 724.81539120039213 384 512
119 SIMPLE_PINHOLE 768 1024 730.86111870772061 384 512
120 SIMPLE_PINHOLE 768 1024 726.55161119381421 384 512
121 SIMPLE_PINHOLE 768 1024 729.06313729148087 384 512
122 SIMPLE_PINHOLE 768 1024 726.95746155895097 384 512
123 SIMPLE_PINHOLE 768 1024 724.87147397809701 384 512
124 SIMPLE_PINHOLE 768 1024 725.70544122802585 384 512
125 SIMPLE_PINHOLE 768 1024 715.22411233416983 384 512
126 SIMPLE_PINHOLE 768 1024 706.44588217426281 384 512
127 SIMPLE_PINHOLE 768 1024 705.83836126255335 384 512
267 SIMPLE_PINHOLE 580 1024 877.84677723633467 290 512
268 SIMPLE_PINHOLE 580 1024 882.6594021089046 290 512
269 SIMPLE_PINHOLE 580 1024 879.76369283897463 290 512
270 SIMPLE_PINHOLE 580 1024 881.92178005843414 290 512
271 SIMPLE_PINHOLE 580 1024 879.7794158723085 290 512
272 SIMPLE_PINHOLE 580 1024 878.83221259197137 290 512
273 SIMPLE_PINHOLE 580 1024 877.62463901096805 290 512
274 SIMPLE_PINHOLE 580 1024 878.48540326168495 290 512
275 SIMPLE_PINHOLE 580 1024 878.49896956859061 290 512
276 SIMPLE_PINHOLE 580 1024 879.28780306633939 290 512
277 SIMPLE_PINHOLE 580 1024 877.61837619486687 290 512
278 SIMPLE_PINHOLE 580 1024 879.46303069260512 290 512
279 SIMPLE_PINHOLE 580 1024 875.38664655023808 290 512
280 SIMPLE_PINHOLE 580 1024 878.77511461424513 290 512
281 SIMPLE_PINHOLE 580 1024 876.52508615531701 290 512
282 SIMPLE_PINHOLE 580 1024 878.48141535995273 290 512
283 SIMPLE_PINHOLE 580 1024 876.30705426442285 290 512
284 SIMPLE_PINHOLE 580 1024 876.80140552223179 290 512
285 SIMPLE_PINHOLE 580 1024 876.97773997069237 290 512
286 SIMPLE_PINHOLE 580 1024 879.76750524561112 290 512
287 SIMPLE_PINHOLE 580 1024 879.7345128444714 290 512
288 SIMPLE_PINHOLE 580 1024 874.61611847710799 290 512
289 SIMPLE_PINHOLE 580 1024 881.20640475547532 290 512
290 SIMPLE_PINHOLE 580 1024 887.68999305407499 290 512
291 SIMPLE_PINHOLE 580 1024 889.27587101614813 290 512
292 SIMPLE_PINHOLE 768 1024 792.55838168706555 384 512
293 SIMPLE_PINHOLE 768 1024 771.72122943541433 384 512
294 SIMPLE_PINHOLE 580 1024 894.78686757042362 290 512
295 SIMPLE_PINHOLE 576 1024 882.27623166034425 288 512
296 SIMPLE_PINHOLE 576 1024 882.84977634663437 288 512
297 SIMPLE_PINHOLE 576 1024 885.55418527918118 288 512
298 SIMPLE_PINHOLE 576 1024 892.05955388440611 288 512
299 SIMPLE_PINHOLE 576 1024 896.03236224594582 288 512
300 SIMPLE_PINHOLE 576 1024 896.32523907477514 288 512
301 SIMPLE_PINHOLE 576 1024 898.96558434276676 288 512
302 SIMPLE_PINHOLE 576 1024 903.15798349773991 288 512
303 SIMPLE_PINHOLE 576 1024 904.68901382343427 288 512
304 SIMPLE_PINHOLE 576 1024 908.57559787125467 288 512
305 SIMPLE_PINHOLE 576 1024 910.30898554805242 288 512
306 SIMPLE_PINHOLE 576 1024 913.94253602757078 288 512
307 SIMPLE_PINHOLE 576 1024 915.98141495854361 288 512
308 SIMPLE_PINHOLE 576 1024 913.59661214431219 288 512
309 SIMPLE_PINHOLE 576 1024 918.62844364325713 288 512
310 SIMPLE_PINHOLE 576 1024 917.49113056004194 288 512
311 SIMPLE_PINHOLE 576 1024 916.62910388429748 288 512
312 SIMPLE_PINHOLE 576 1024 913.94678777127501 288 512
313 SIMPLE_PINHOLE 576 1024 906.91166736994842 288 512
314 SIMPLE_PINHOLE 576 1024 911.39306675344289 288 512
315 SIMPLE_PINHOLE 576 1024 907.86373688333879 288 512
316 SIMPLE_PINHOLE 576 1024 902.0218002885083 288 512
317 SIMPLE_PINHOLE 576 1024 909.69544913786774 288 512
318 SIMPLE_PINHOLE 576 1024 908.90245307777184 288 512
319 SIMPLE_PINHOLE 576 1024 913.05860566685999 288 512
320 SIMPLE_PINHOLE 576 1024 911.23057310944614 288 512
321 SIMPLE_PINHOLE 576 1024 921.97553204631106 288 512
322 SIMPLE_PINHOLE 576 1024 924.22164297008283 288 512
323 SIMPLE_PINHOLE 576 1024 927.52413411196039 288 512
324 SIMPLE_PINHOLE 576 1024 936.62063050731626 288 512
325 SIMPLE_PINHOLE 576 1024 921.39913595350151 288 512
326 SIMPLE_PINHOLE 576 1024 924.81247528777249 288 512
327 SIMPLE_PINHOLE 576 1024 903.10689484351394 288 512
328 SIMPLE_PINHOLE 576 1024 901.33156811307731 288 512
329 SIMPLE_PINHOLE 576 1024 903.84058533633277 288 512
330 SIMPLE_PINHOLE 576 1024 909.49140127478825 288 512
331 SIMPLE_PINHOLE 576 1024 909.73386857157061 288 512
332 SIMPLE_PINHOLE 576 1024 914.90865868212609 288 512
333 SIMPLE_PINHOLE 576 1024 909.0397803492034 288 512
334 SIMPLE_PINHOLE 576 1024 911.29210279056156 288 512
335 SIMPLE_PINHOLE 576 1024 910.4836441157006 288 512
336 SIMPLE_PINHOLE 576 1024 914.09912968334447 288 512
337 SIMPLE_PINHOLE 576 1024 927.60402423882806 288 512
338 SIMPLE_PINHOLE 576 1024 924.23776515357793 288 512
339 SIMPLE_PINHOLE 576 1024 927.73530134746977 288 512
340 SIMPLE_PINHOLE 576 1024 924.99447099395661 288 512
341 SIMPLE_PINHOLE 576 1024 921.18479655677061 288 512
342 SIMPLE_PINHOLE 576 1024 923.77718609963711 288 512
343 SIMPLE_PINHOLE 576 1024 924.30725773593633 288 512
344 SIMPLE_PINHOLE 576 1024 926.9489847080556 288 512
345 SIMPLE_PINHOLE 576 1024 921.92462690201489 288 512
346 SIMPLE_PINHOLE 576 1024 928.07985037117044 288 512
347 SIMPLE_PINHOLE 576 1024 928.60378097760395 288 512
348 SIMPLE_PINHOLE 576 1024 927.67590359861708 288 512
349 SIMPLE_PINHOLE 576 1024 932.53986739014329 288 512
350 SIMPLE_PINHOLE 576 1024 937.23634745217294 288 512
351 SIMPLE_PINHOLE 576 1024 908.55197623084871 288 512
352 SIMPLE_PINHOLE 576 1024 911.59186840211612 288 512
353 SIMPLE_PINHOLE 576 1024 887.52414127448844 288 512
354 SIMPLE_PINHOLE 576 1024 884.97882882210627 288 512
355 SIMPLE_PINHOLE 576 1024 874.91191066338502 288 512
356 SIMPLE_PINHOLE 576 1024 894.13637837933061 288 512
357 SIMPLE_PINHOLE 576 1024 872.17680448294175 288 512
358 SIMPLE_PINHOLE 576 1024 872.02852596678963 288 512
359 SIMPLE_PINHOLE 576 1024 872.36075818415839 288 512
360 SIMPLE_PINHOLE 576 1024 879.51747113783495 288 512
361 SIMPLE_PINHOLE 576 1024 879.13345269534568 288 512
362 SIMPLE_PINHOLE 576 1024 859.42529055604689 288 512
363 SIMPLE_PINHOLE 576 1024 849.95048588180998 288 512
364 SIMPLE_PINHOLE 576 1024 801.92571892282433 288 512
365 SIMPLE_PINHOLE 580 1024 894.39427446720447 290 512
366 SIMPLE_PINHOLE 768 1024 779.86574586100801 384 512
367 SIMPLE_PINHOLE 580 1024 895.45956097121143 290 512
368 SIMPLE_PINHOLE 580 1024 897.385155872768 290 512
369 SIMPLE_PINHOLE 580 1024 897.97637008029744 290 512
370 SIMPLE_PINHOLE 580 1024 901.35457480998559 290 512
371 SIMPLE_PINHOLE 580 1024 916.75158366232029 290 512
372 SIMPLE_PINHOLE 580 1024 917.78124902204934 290 512
373 SIMPLE_PINHOLE 580 1024 914.51470646690018 290 512
374 SIMPLE_PINHOLE 580 1024 916.79238220546824 290 512
375 SIMPLE_PINHOLE 580 1024 914.94311356352671 290 512
376 SIMPLE_PINHOLE 580 1024 915.33536132502013 290 512
377 SIMPLE_PINHOLE 580 1024 918.95622028412583 290 512
378 SIMPLE_PINHOLE 580 1024 906.96858700582254 290 512
379 SIMPLE_PINHOLE 580 1024 910.38053635190499 290 512
380 SIMPLE_PINHOLE 580 1024 902.18243971597519 290 512
381 SIMPLE_PINHOLE 580 1024 903.72577693871847 290 512
382 SIMPLE_PINHOLE 580 1024 900.37986546662535 290 512
383 SIMPLE_PINHOLE 580 1024 910.98540468703516 290 512
384 SIMPLE_PINHOLE 580 1024 908.04779470069377 290 512
385 SIMPLE_PINHOLE 580 1024 907.87998418309883 290 512
386 SIMPLE_PINHOLE 580 1024 899.18655285593559 290 512
390 SIMPLE_PINHOLE 580 1024 908.74601944352469 290 512
391 SIMPLE_PINHOLE 580 1024 912.33556063516744 290 512
392 SIMPLE_PINHOLE 580 1024 918.57308876522677 290 512
393 SIMPLE_PINHOLE 580 1024 917.7246750523168 290 512
394 SIMPLE_PINHOLE 580 1024 918.52994366650626 290 512
395 SIMPLE_PINHOLE 580 1024 919.40904776988748 290 512
396 SIMPLE_PINHOLE 580 1024 922.71100589079379 290 512
397 SIMPLE_PINHOLE 580 1024 921.91154979101327 290 512
398 SIMPLE_PINHOLE 580 1024 917.64834546411657 290 512
399 SIMPLE_PINHOLE 580 1024 910.79725375336216 290 512
400 SIMPLE_PINHOLE 580 1024 916.9278000897832 290 512
401 SIMPLE_PINHOLE 580 1024 912.17283015826342 290 512
402 SIMPLE_PINHOLE 580 1024 909.71039281942342 290 512
403 SIMPLE_PINHOLE 580 1024 909.3751871991808 290 512
404 SIMPLE_PINHOLE 580 1024 911.55382823879711 290 512
405 SIMPLE_PINHOLE 580 1024 908.66678142086562 290 512
406 SIMPLE_PINHOLE 580 1024 913.74534793206476 290 512
407 SIMPLE_PINHOLE 580 1024 914.80301629126302 290 512
408 SIMPLE_PINHOLE 580 1024 916.18861139624096 290 512
409 SIMPLE_PINHOLE 580 1024 910.59950530026356 290 512
410 SIMPLE_PINHOLE 580 1024 908.91379466963133 290 512
411 SIMPLE_PINHOLE 580 1024 909.39511768941395 290 512
412 SIMPLE_PINHOLE 580 1024 906.4775836722979 290 512
413 SIMPLE_PINHOLE 580 1024 904.76532843134135 290 512
414 SIMPLE_PINHOLE 580 1024 903.91574552140662 290 512
415 SIMPLE_PINHOLE 580 1024 901.26768487066386 290 512
416 SIMPLE_PINHOLE 580 1024 897.68763907758205 290 512
417 SIMPLE_PINHOLE 580 1024 888.66859152738095 290 512
418 SIMPLE_PINHOLE 580 1024 889.28390035000007 290 512
419 SIMPLE_PINHOLE 580 1024 888.9092346681806 290 512
420 SIMPLE_PINHOLE 580 1024 889.09700267056246 290 512
421 SIMPLE_PINHOLE 580 1024 883.41177479449652 290 512
422 SIMPLE_PINHOLE 580 1024 884.18842794121997 290 512
423 SIMPLE_PINHOLE 580 1024 885.52433293905847 290 512
424 SIMPLE_PINHOLE 580 1024 883.36071260331403 290 512
425 SIMPLE_PINHOLE 580 1024 880.43783441357004 290 512
426 SIMPLE_PINHOLE 580 1024 879.3649845350252 290 512
427 SIMPLE_PINHOLE 580 1024 880.63816783337074 290 512
428 SIMPLE_PINHOLE 580 1024 882.99954929952287 290 512
429 SIMPLE_PINHOLE 580 1024 875.66269522900916 290 512
430 SIMPLE_PINHOLE 580 1024 879.78047695072621 290 512
431 SIMPLE_PINHOLE 580 1024 881.96865727838986 290 512
432 SIMPLE_PINHOLE 580 1024 884.68795737035441 290 512
433 SIMPLE_PINHOLE 580 1024 885.29767605445454 290 512
434 SIMPLE_PINHOLE 580 1024 886.22590901647789 290 512
435 SIMPLE_PINHOLE 580 1024 876.57944409809738 290 512
436 SIMPLE_PINHOLE 580 1024 869.82439411734345 290 512
437 SIMPLE_PINHOLE 580 1024 865.9932377154845 290 512
438 SIMPLE_PINHOLE 580 1024 866.23144040110037 290 512
439 SIMPLE_PINHOLE 580 1024 868.04315394713012 290 512
440 SIMPLE_PINHOLE 580 1024 853.68355229885231 290 512
441 SIMPLE_PINHOLE 580 1024 853.53052014916318 290 512
442 SIMPLE_PINHOLE 580 1024 860.50328383859244 290 512
443 SIMPLE_PINHOLE 580 1024 883.35105023075596 290 512
444 SIMPLE_PINHOLE 580 1024 883.58223901996394 290 512
445 SIMPLE_PINHOLE 580 1024 882.2578437002104 290 512
446 SIMPLE_PINHOLE 580 1024 877.86615311560467 290 512
447 SIMPLE_PINHOLE 580 1024 879.97965121729237 290 512
448 SIMPLE_PINHOLE 580 1024 879.58596896876929 290 512
449 SIMPLE_PINHOLE 576 1024 871.42890540595329 288 512
450 SIMPLE_PINHOLE 576 1024 874.53641567648424 288 512
451 SIMPLE_PINHOLE 576 1024 874.06423721949375 288 512
452 SIMPLE_PINHOLE 576 1024 876.51316631237989 288 512
453 SIMPLE_PINHOLE 580 1024 879.16088068303725 290 512
454 SIMPLE_PINHOLE 576 1024 876.997318421984 288 512
455 SIMPLE_PINHOLE 580 1024 871.88688446089964 290 512
456 SIMPLE_PINHOLE 576 1024 877.65984209906776 288 512
457 SIMPLE_PINHOLE 580 1024 898.19721653786485 290 512
458 SIMPLE_PINHOLE 576 1024 700.31624296752022 288 512
459 SIMPLE_PINHOLE 580 1024 876.14902180258809 290 512
460 SIMPLE_PINHOLE 580 1024 877.57495072813651 290 512
461 SIMPLE_PINHOLE 580 1024 883.32719984941423 290 512
462 SIMPLE_PINHOLE 580 1024 881.32725180281875 290 512
463 SIMPLE_PINHOLE 580 1024 886.46497906858076 290 512
464 SIMPLE_PINHOLE 580 1024 877.94308668622818 290 512
465 SIMPLE_PINHOLE 580 1024 879.69157596252728 290 512
466 SIMPLE_PINHOLE 580 1024 880.63175342239833 290 512
467 SIMPLE_PINHOLE 580 1024 881.32707987125696 290 512
468 SIMPLE_PINHOLE 580 1024 882.10915261617981 290 512
469 SIMPLE_PINHOLE 768 1024 705.35180932185403 384 512
470 SIMPLE_PINHOLE 768 1024 705.96994020383738 384 512
471 SIMPLE_PINHOLE 768 1024 705.1214013188162 384 512
472 SIMPLE_PINHOLE 768 1024 704.2357004562715 384 512
473 SIMPLE_PINHOLE 768 1024 704.00641709901845 384 512
474 SIMPLE_PINHOLE 768 1024 704.72616938278009 384 512
475 SIMPLE_PINHOLE 768 1024 704.59271982362202 384 512
476 SIMPLE_PINHOLE 768 1024 705.49966489791666 384 512
477 SIMPLE_PINHOLE 768 1024 705.32195562263155 384 512
478 SIMPLE_PINHOLE 768 1024 703.91046845511289 384 512
479 SIMPLE_PINHOLE 576 1024 836.73656007567877 288 512
480 SIMPLE_PINHOLE 576 1024 842.41600588567007 288 512
481 SIMPLE_PINHOLE 576 1024 843.57073290989956 288 512
482 SIMPLE_PINHOLE 576 1024 842.647495994108 288 512
483 SIMPLE_PINHOLE 576 1024 843.95133717297097 288 512
484 SIMPLE_PINHOLE 576 1024 845.34051174710976 288 512
485 SIMPLE_PINHOLE 576 1024 851.8078847507287 288 512
486 SIMPLE_PINHOLE 576 1024 850.46826456678968 288 512
487 SIMPLE_PINHOLE 576 1024 852.83794354594534 288 512
488 SIMPLE_PINHOLE 576 1024 854.83751173694861 288 512
489 SIMPLE_PINHOLE 576 1024 853.28852041915707 288 512
490 SIMPLE_PINHOLE 576 1024 858.28255533999277 288 512
491 SIMPLE_PINHOLE 576 1024 856.33351283694878 288 512
492 SIMPLE_PINHOLE 576 1024 857.33606048982233 288 512
493 SIMPLE_PINHOLE 576 1024 859.70631015986555 288 512
494 SIMPLE_PINHOLE 576 1024 858.28345814011971 288 512
495 SIMPLE_PINHOLE 576 1024 858.82746457791336 288 512
496 SIMPLE_PINHOLE 576 1024 861.81515590365427 288 512
497 SIMPLE_PINHOLE 576 1024 863.85605461161902 288 512
498 SIMPLE_PINHOLE 576 1024 862.54036656344613 288 512
499 SIMPLE_PINHOLE 576 1024 866.72196811112622 288 512
500 SIMPLE_PINHOLE 576 1024 865.59265507829855 288 512
501 SIMPLE_PINHOLE 576 1024 869.7925432568785 288 512
502 SIMPLE_PINHOLE 576 1024 872.00114216498184 288 512
503 SIMPLE_PINHOLE 576 1024 872.05110171426736 288 512
504 SIMPLE_PINHOLE 576 1024 884.42947611133911 288 512
505 SIMPLE_PINHOLE 576 1024 876.50544804468916 288 512
506 SIMPLE_PINHOLE 768 1024 702.73748520752531 384 512
507 SIMPLE_PINHOLE 768 1024 701.18820027156539 384 512
508 SIMPLE_PINHOLE 768 1024 702.57500857596153 384 512
509 SIMPLE_PINHOLE 768 1024 702.71633123105869 384 512
510 SIMPLE_PINHOLE 768 1024 703.31319207183401 384 512
511 SIMPLE_PINHOLE 768 1024 704.01229687640455 384 512
512 SIMPLE_PINHOLE 768 1024 704.98178111464154 384 512
513 SIMPLE_PINHOLE 768 1024 705.09746113473386 384 512
514 SIMPLE_PINHOLE 768 1024 706.31829442188666 384 512
515 SIMPLE_PINHOLE 768 1024 706.77497099078676 384 512
516 SIMPLE_PINHOLE 768 1024 708.18768184049441 384 512
517 SIMPLE_PINHOLE 768 1024 709.24021477582039 384 512
518 SIMPLE_PINHOLE 580 1024 884.25900943368913 290 512
519 SIMPLE_PINHOLE 580 1024 885.94125066728589 290 512
520 SIMPLE_PINHOLE 580 1024 885.64025080103647 290 512
521 SIMPLE_PINHOLE 580 1024 885.31557745515215 290 512
522 SIMPLE_PINHOLE 580 1024 884.17920332404356 290 512
523 SIMPLE_PINHOLE 580 1024 886.09179030049461 290 512
524 SIMPLE_PINHOLE 580 1024 884.53351668690323 290 512
525 SIMPLE_PINHOLE 580 1024 881.83634655908691 290 512
526 SIMPLE_PINHOLE 580 1024 886.26341505203322 290 512
527 SIMPLE_PINHOLE 580 1024 884.30108718073541 290 512
528 SIMPLE_PINHOLE 580 1024 882.78966009924397 290 512
529 SIMPLE_PINHOLE 580 1024 882.73368211139768 290 512
530 SIMPLE_PINHOLE 580 1024 884.9700143699788 290 512
531 SIMPLE_PINHOLE 580 1024 882.28896551346747 290 512
532 SIMPLE_PINHOLE 580 1024 882.20711277370913 290 512
533 SIMPLE_PINHOLE 580 1024 882.07880041717101 290 512
534 SIMPLE_PINHOLE 580 1024 884.64198762097203 290 512
535 SIMPLE_PINHOLE 580 1024 884.338611398583 290 512
536 SIMPLE_PINHOLE 580 1024 885.15899711542409 290 512
537 SIMPLE_PINHOLE 580 1024 881.21008104649627 290 512
538 SIMPLE_PINHOLE 580 1024 883.74347766769483 290 512
539 SIMPLE_PINHOLE 580 1024 884.60177718515627 290 512
540 SIMPLE_PINHOLE 580 1024 881.62997037455898 290 512
541 SIMPLE_PINHOLE 580 1024 880.4263277351132 290 512
