# Camera list with one line of data per camera:
#   CAMERA_ID, MODEL, WIDTH, HEIGHT, PARAMS[]
# Number of cameras: 68
1 SIMPLE_RADIAL 999 666 4752.9213418152549 499.5 333 0.68618662765967942
2 SIMPLE_RADIAL 1000 533 600.33121114299013 500 266.5 -0.03387753354890724
3 SIMPLE_RADIAL 550 300 781.72229358498873 275 150 -0.35011231357888817
4 SIMPLE_RADIAL 1754 1216 2224.7408733498028 877 608 -0.1337142521794708
5 SIMPLE_RADIAL 1920 1440 1698.9176028915551 960 720 -0.12829188610884437
6 SIMPLE_RADIAL 1840 1260 2496.6510204813367 920 630 0.019901867684976898
7 SIMPLE_RADIAL 1920 1440 1592.572866808277 960 720 -0.10749206982096696
8 SIMPLE_RADIAL 1920 1440 1565.2398278085591 960 720 -0.10146131258768708
9 SIMPLE_RADIAL 1440 1920 1565.9330544245554 720 960 -0.10031532771488849
10 SIMPLE_RADIAL 1920 1440 1581.5418839585593 960 720 -0.092896646401119734
11 SIMPLE_RADIAL 1920 1440 1583.7104380767619 960 720 -0.10021320127205885
12 SIMPLE_RADIAL 1920 1440 1586.5361548667738 960 720 -0.095323477195610865
13 SIMPLE_RADIAL 1920 1440 2036.9609174538361 960 720 -0.10578175424583634
14 SIMPLE_RADIAL 1920 1440 1582.3355728351369 960 720 -0.095253840910497711
15 SIMPLE_RADIAL 1440 1920 1602.1817492113946 720 960 -0.11361213968503443
16 SIMPLE_RADIAL 1440 1920 1634.0288554571184 720 960 -0.10443116199117639
17 SIMPLE_RADIAL 1440 1920 1603.5063418564976 720 960 -0.088782430684349267
18 SIMPLE_RADIAL 1920 1440 1828.430931280966 960 720 -0.1052349965651528
19 SIMPLE_RADIAL 1920 1440 1422.9215070532587 960 720 -0.07727984769138628
20 SIMPLE_RADIAL 725 485 1319.4945601918371 362.5 242.5 -0.0043060702592556226
21 SIMPLE_RADIAL 600 401 787.99729337832889 300 200.5 0.15042974450251753
22 SIMPLE_RADIAL 500 375 649.77379786141705 250 187.5 0.50469795001137863
24 SIMPLE_RADIAL 600 401 988.73594476161929 300 200.5 0.11874565054351037
25 SIMPLE_RADIAL 600 398 64.619560013574699 300 199 -0.0031023613825645032
26 SIMPLE_RADIAL 600 398 764.52272922015629 300 199 0.048189378842590926
27 SIMPLE_RADIAL 600 903 707.84895393327895 300 451.5 -0.12657936532937036
28 SIMPLE_RADIAL 1920 1262 7678.8805758386488 960 631 0.75291662324887498
29 SIMPLE_RADIAL 660 495 539.19418232227736 330 247.5 -0.10220014312847302
30 SIMPLE_RADIAL 800 600 987.68175509653054 400 300 -0.33219530167829481
31 SIMPLE_RADIAL 1600 1200 2033.9040969039474 800 600 -0.24322023396967526
32 SIMPLE_RADIAL 1200 1600 1774.6111459981475 600 800 -0.10427606787576958
34 SIMPLE_RADIAL 4000 3000 6602.0328502080774 2000 1500 0.14785144913380707
35 SIMPLE_RADIAL 3219 2105 10564.992358522937 1609.5 1052.5 -0.11201596149728948
36 SIMPLE_RADIAL 3093 2135 3676.4320838653452 1546.5 1067.5 -0.19023021802096812
37 SIMPLE_RADIAL 3264 1744 9892.0049860251183 1632 872 -0.45708135085716817
38 SIMPLE_RADIAL 3264 1423 3748.3822855369676 1632 711.5 -0.20843109159407205
39 SIMPLE_RADIAL 2816 2112 8223.2788611301912 1408 1056 -0.15656703112506395
40 SIMPLE_RADIAL 2816 2112 5428.5550082452237 1408 1056 -0.20688450023542734
41 SIMPLE_RADIAL 2112 2816 9047.9729939743447 1056 1408 0.85256033395260822
42 SIMPLE_RADIAL 2816 2112 3296.4311095391913 1408 1056 -0.090817578250794812
43 SIMPLE_RADIAL 2816 2112 9278.1116626195435 1408 1056 -0.12200968688976749
44 SIMPLE_RADIAL 2816 2112 3267.3268141368376 1408 1056 -0.19700579020659181
45 SIMPLE_RADIAL 2816 2112 4454.1192452380737 1408 1056 -0.13991633601768982
46 SIMPLE_RADIAL 2816 2112 3271.3665033808816 1408 1056 -0.19658886109671972
47 SIMPLE_RADIAL 2816 2112 3284.2275526630219 1408 1056 -0.16656095543401467
48 SIMPLE_RADIAL 2304 1728 2459.4333524364129 1152 864 -0.050878764694810383
49 SIMPLE_RADIAL 1600 1200 3583.6283055637518 800 600 -0.071634505566790879
50 SIMPLE_RADIAL 600 399 635.30366108060821 300 199.5 -0.025230399029122809
51 SIMPLE_RADIAL 3856 2640 4946.3319453565236 1928 1320 0.1558609047470341
52 SIMPLE_RADIAL 2595 3872 5258.3004448042675 1297.5 1936 0.027834290933118497
56 SIMPLE_RADIAL 1704 2272 2400.9326475167009 852 1136 -0.15434153615390997
59 SIMPLE_RADIAL 730 440 927.80346084262715 365 220 -0.049295412172101163
60 SIMPLE_RADIAL 2272 1704 2380.9846306248151 1136 852 -0.12874668056222766
61 SIMPLE_RADIAL 4288 2848 6830.9182922555719 2144 1424 0.20848469439652811
62 SIMPLE_RADIAL 4288 2848 3280.3537607813314 2144 1424 -0.092585221168383872
63 SIMPLE_RADIAL 4288 2848 3309.7520518219048 2144 1424 -0.14816572632297598
64 SIMPLE_RADIAL 4288 2848 3368.0762584403487 2144 1424 -0.11194602598121904
65 SIMPLE_RADIAL 960 540 1134.6837886389555 480 270 -0.084020428760175916
66 SIMPLE_RADIAL 960 540 1056.6164010896757 480 270 0.071364094939642797
67 SIMPLE_RADIAL 960 540 1052.5859646678466 480 270 0.034104369102524547
68 SIMPLE_RADIAL 2036 3000 2313.9033196584182 1018 1500 -0.063195547773074942
69 SIMPLE_RADIAL 2036 3000 2313.8720456077112 1018 1500 -0.063170777661424815
70 SIMPLE_RADIAL 2892 1999 2887.3869273143378 1446 999.5 0.0050890917328705798
71 SIMPLE_RADIAL 2073 1518 2434.487913871837 1036.5 759 0.0090594127987472708
72 SIMPLE_RADIAL 1280 720 3259.9922293585059 640 360 0.48664249497649731
75 SIMPLE_RADIAL 840 630 715.90228215493289 420 315 -0.14245227006418626
76 SIMPLE_RADIAL 1024 1536 1161.2690286312848 512 768 -0.076120745714863838
77 SIMPLE_RADIAL 1024 1536 1161.2852457428498 512 768 -0.076281344580435881
