# Camera list with one line of data per camera:
#   CAMERA_ID, MODEL, WIDTH, HEIGHT, PARAMS[]
# Number of cameras: 730
198 SIMPLE_RADIAL 1024 768 4118.0155633043623 512 384 -0.022178327620326208
209 SIMPLE_RADIAL 1024 768 5297.9522380428989 512 384 0.11263327006351721
210 SIMPLE_RADIAL 1024 768 5280.5101373995803 512 384 0.070263497428851435
211 SIMPLE_RADIAL 1024 768 5272.7365825179422 512 384 0.071486369774494671
212 SIMPLE_RADIAL 1024 768 2834.8906793327624 512 384 0.033914707298906305
213 SIMPLE_RADIAL 1024 768 5842.7253533742851 512 384 -0.060496495175300584
214 SIMPLE_RADIAL 1024 768 5863.0618222064513 512 384 0.01721414454013703
215 SIMPLE_RADIAL 1024 768 3975.2148441273539 512 384 0.019071577938239159
216 SIMPLE_RADIAL 1024 768 3987.4208131264299 512 384 0.040111510012225314
757 SIMPLE_RADIAL 1024 701 906.36394893680745 512 350.5 -0.13780030293715739
217 SIMPLE_RADIAL 1024 768 3925.2101603974575 512 384 0.048270148295319053
218 SIMPLE_RADIAL 1024 768 2361.5033629463592 512 384 -0.0067944878475276428
219 SIMPLE_RADIAL 1024 768 4506.7718901380858 512 384 0.0042594616211959141
220 SIMPLE_RADIAL 1024 768 4500.3605753139345 512 384 0.022483765301350715
221 SIMPLE_RADIAL 1024 768 4496.6039353739343 512 384 -0.026583338020825752
222 SIMPLE_RADIAL 1024 768 4526.3542065938691 512 384 -0.040872910988705227
223 SIMPLE_RADIAL 1024 768 8543.5542926055859 512 384 0.065168672347931333
224 SIMPLE_RADIAL 1024 768 8554.0329809944433 512 384 0.025224842123743364
225 SIMPLE_RADIAL 1024 768 8647.1659502128095 512 384 0.18668387021527233
226 SIMPLE_RADIAL 1024 768 8544.8355946104657 512 384 -0.012113085000259087
227 SIMPLE_RADIAL 1024 768 8705.4391364682797 512 384 0.31762910748227985
228 SIMPLE_RADIAL 1024 768 8613.3751149442414 512 384 0.19013179333079128
769 SIMPLE_RADIAL 648 1024 1215.4189669853304 324 512 -0.054780553545855294
229 SIMPLE_RADIAL 1024 768 5349.5628974774836 512 384 0.018738639228245146
230 SIMPLE_RADIAL 1024 768 4520.1171992969585 512 384 0.014946186116977404
771 SIMPLE_RADIAL 1024 712 1413.8414704174484 512 356 0.27555702776227176
772 SIMPLE_RADIAL 1024 732 1717.9235571054357 512 366 0.46583287927742362
231 SIMPLE_RADIAL 1024 768 8687.6863648151102 512 384 0.1266877888685955
232 SIMPLE_RADIAL 1024 768 8693.1291590751971 512 384 0.15450539032436467
233 SIMPLE_RADIAL 1024 768 1984.4196301188351 512 384 -0.010019246509645405
775 SIMPLE_RADIAL 693 1024 1284.8396254269387 346.5 512 -0.073711796666664456
234 SIMPLE_RADIAL 1024 768 3293.0470835065239 512 384 -0.00088225347921335416
235 SIMPLE_RADIAL 1024 768 3276.3398343809172 512 384 -0.0097492427794845897
777 SIMPLE_RADIAL 784 1024 2395.0768932195565 392 512 0.66083713625478224
236 SIMPLE_RADIAL 1024 768 5594.9437958086173 512 384 -0.023402432767051524
778 SIMPLE_RADIAL 784 1024 1103.5236808387094 392 512 -0.033971075822836413
237 SIMPLE_RADIAL 1024 768 3053.4360987436726 512 384 0.058431477448857926
779 SIMPLE_RADIAL 678 1024 1024.0440917350863 339 512 0.015683439132330553
238 SIMPLE_RADIAL 1024 768 3045.8656450094481 512 384 0.032966002173843052
239 SIMPLE_RADIAL 1024 768 3031.0644585777104 512 384 0.02159180145609858
240 SIMPLE_RADIAL 1024 768 4890.1781073517195 512 384 0.035048122718516588
782 SIMPLE_RADIAL 720 1024 1678.6938680048506 360 512 0.0094568264877427019
241 SIMPLE_RADIAL 1024 768 4913.3037184199675 512 384 -0.016118563898566838
242 SIMPLE_RADIAL 1024 768 4926.1939706960393 512 384 0.021745013115193345
783 SIMPLE_RADIAL 1024 576 615.19169580624146 512 288 -0.0069384561156749201
244 SIMPLE_RADIAL 1024 768 4907.1772539906351 512 384 -0.018543524079613204
785 SIMPLE_RADIAL 1024 576 615.5336399127001 512 288 -0.0067345011240473561
245 SIMPLE_RADIAL 1024 768 4893.6500882444407 512 384 -0.042122136033405221
786 SIMPLE_RADIAL 1024 576 615.34139333117434 512 288 -0.0065348166937536523
246 SIMPLE_RADIAL 1024 768 4914.1485479415342 512 384 -0.013632377289990446
787 SIMPLE_RADIAL 1024 576 615.1100090079392 512 288 -0.0064220011733791714
247 SIMPLE_RADIAL 1024 768 9034.1357576801111 512 384 0.33081370677420113
788 SIMPLE_RADIAL 1024 576 614.29825352749822 512 288 -0.0052535745931310968
248 SIMPLE_RADIAL 1024 768 9094.9862332605135 512 384 0.24356141004310658
789 SIMPLE_RADIAL 1024 576 615.42211899915264 512 288 -0.0059812474962879832
249 SIMPLE_RADIAL 1024 768 9136.0165257438202 512 384 0.030070468099915107
790 SIMPLE_RADIAL 1024 576 615.27394715374214 512 288 -0.0056837471118522638
250 SIMPLE_RADIAL 1024 768 9200.2371612367642 512 384 -0.16613495127883365
791 SIMPLE_RADIAL 1024 576 615.65949792320009 512 288 -0.0060771900669378091
251 SIMPLE_RADIAL 1024 768 9124.3433533613279 512 384 0.15676956929268834
792 SIMPLE_RADIAL 1024 576 615.15172379871547 512 288 -0.006091018325136574
252 SIMPLE_RADIAL 1024 768 9256.1336658986747 512 384 0.16940399447749252
793 SIMPLE_RADIAL 1024 576 615.14186994305965 512 288 -0.0055463427248797735
253 SIMPLE_RADIAL 1024 768 9213.3404624263221 512 384 0.16974990174258356
794 SIMPLE_RADIAL 1024 576 614.73399126330207 512 288 -0.0054848833153868992
254 SIMPLE_RADIAL 1024 768 2678.373230968039 512 384 -0.0031311938890239083
795 SIMPLE_RADIAL 1024 576 614.14713501907477 512 288 -0.004386552059684393
255 SIMPLE_RADIAL 1024 768 2695.5326368653896 512 384 -0.0052645927376259311
796 SIMPLE_RADIAL 1024 576 614.06091327730655 512 288 -0.0039866750458896301
256 SIMPLE_RADIAL 1024 768 2679.1655449534242 512 384 -0.0052272893122622148
797 SIMPLE_RADIAL 1024 576 613.96488470907525 512 288 -0.0035801369215281579
257 SIMPLE_RADIAL 1024 768 2654.0215689558472 512 384 0.0098384755776071472
798 SIMPLE_RADIAL 1024 576 613.85022474068899 512 288 -0.0032019944838670386
947 SIMPLE_RADIAL 1024 576 895.68251109173946 512 288 -0.25707912710477254
946 SIMPLE_RADIAL 1024 576 895.89887319667173 512 288 -0.25716387841319471
945 SIMPLE_RADIAL 1024 576 895.21270031553502 512 288 -0.25689204777886587
944 SIMPLE_RADIAL 1024 576 894.66608153454285 512 288 -0.25763260042783798
943 SIMPLE_RADIAL 1024 576 893.88451749236333 512 288 -0.25677946376784216
942 SIMPLE_RADIAL 1024 576 891.83439893124125 512 288 -0.25280268678850065
941 SIMPLE_RADIAL 1024 576 894.65731408948056 512 288 -0.2600102651342957
940 SIMPLE_RADIAL 1024 576 893.56797767673208 512 288 -0.24928637512031018
939 SIMPLE_RADIAL 1024 576 897.35654557625844 512 288 -0.25778368486964071
938 SIMPLE_RADIAL 1024 576 905.36574671564699 512 288 -0.27246330380496686
937 SIMPLE_RADIAL 1024 576 905.38324208644281 512 288 -0.26737334045663225
936 SIMPLE_RADIAL 1024 576 908.62862571430674 512 288 -0.26204501567309901
935 SIMPLE_RADIAL 1024 576 908.23098412768672 512 288 -0.26847178077245648
934 SIMPLE_RADIAL 1024 576 903.38035942794886 512 288 -0.26207388183262487
933 SIMPLE_RADIAL 1024 576 906.75148989800391 512 288 -0.26262522800224442
932 SIMPLE_RADIAL 1024 576 910.62891361334505 512 288 -0.27808911474893805
931 SIMPLE_RADIAL 1024 576 906.80133189361072 512 288 -0.26433940020384633
930 SIMPLE_RADIAL 1024 576 616.69952202853779 512 288 0.00040173837340123849
929 SIMPLE_RADIAL 1024 576 616.18609215334959 512 288 0.001218965569086261
928 SIMPLE_RADIAL 1024 576 616.13369544384977 512 288 -0.00010576454175547704
927 SIMPLE_RADIAL 1024 576 616.45434364472999 512 288 0.00010443054758781335
926 SIMPLE_RADIAL 1024 576 616.63696099087736 512 288 0.00015062129384475114
925 SIMPLE_RADIAL 1024 576 617.80843512150068 512 288 -0.0012646885455733739
924 SIMPLE_RADIAL 1024 576 618.45841013914878 512 288 -0.0015855152461431733
923 SIMPLE_RADIAL 1024 576 619.17508168502104 512 288 -0.0021909409277929954
922 SIMPLE_RADIAL 1024 576 622.1058236270444 512 288 -0.0029437138168135701
921 SIMPLE_RADIAL 1024 576 619.55852942079252 512 288 -0.0035417219432682394
920 SIMPLE_RADIAL 1024 576 619.74123173071007 512 288 -0.0042462357617714958
919 SIMPLE_RADIAL 1024 576 619.74995738543134 512 288 -0.0040051470324497483
918 SIMPLE_RADIAL 1024 576 619.66038757880528 512 288 -0.003829057226139315
917 SIMPLE_RADIAL 1024 576 619.65548175622075 512 288 -0.0033326207350233513
916 SIMPLE_RADIAL 1024 576 619.5703708643789 512 288 -0.0031521164489834354
915 SIMPLE_RADIAL 1024 576 619.4625835992797 512 288 -0.0024177836533228005
914 SIMPLE_RADIAL 1024 576 619.50109386015095 512 288 -0.0026634891325507922
913 SIMPLE_RADIAL 1024 576 619.19987573553055 512 288 -0.0023670565163374795
912 SIMPLE_RADIAL 1024 576 619.26028472448672 512 288 -0.0021950881915530746
911 SIMPLE_RADIAL 1024 576 619.48145271873227 512 288 -0.0025419553248221005
910 SIMPLE_RADIAL 1024 576 619.92558865714739 512 288 -0.0032917721066857458
909 SIMPLE_RADIAL 1024 576 619.73389700930647 512 288 -0.0035880370543175956
908 SIMPLE_RADIAL 1024 576 618.99950618316643 512 288 -0.0030048880854523694
907 SIMPLE_RADIAL 1024 576 619.49511627269692 512 288 -0.0042445984495404973
906 SIMPLE_RADIAL 1024 576 617.14771462885346 512 288 -0.00081760594971058145
905 SIMPLE_RADIAL 1024 576 618.44878360495079 512 288 -0.0012610889425805358
904 SIMPLE_RADIAL 1024 576 618.15080473443584 512 288 -0.0022747251987258635
903 SIMPLE_RADIAL 1024 576 616.31890239624693 512 288 0.0011405933577938313
902 SIMPLE_RADIAL 1024 576 616.41871331950153 512 288 0.00072147727831177856
901 SIMPLE_RADIAL 1024 576 617.04696829688646 512 288 0.00077733163258170005
900 SIMPLE_RADIAL 1024 576 617.40688431585477 512 288 -1.4964206901673274e-05
899 SIMPLE_RADIAL 1024 576 616.44107207474497 512 288 -0.00026814900130469927
898 SIMPLE_RADIAL 1024 576 616.23475459845872 512 288 -0.00029727676948858582
897 SIMPLE_RADIAL 1024 576 618.07235189137384 512 288 -0.0021305490383387443
896 SIMPLE_RADIAL 1024 576 619.5865068366993 512 288 -0.0019513457206099952
895 SIMPLE_RADIAL 1024 576 614.59529231142244 512 288 -0.0013633151173233521
894 SIMPLE_RADIAL 1024 576 619.50983208257026 512 288 -0.0079310899427909049
893 SIMPLE_RADIAL 1024 576 615.09305993719272 512 288 -0.012996088918657963
892 SIMPLE_RADIAL 1024 576 613.12048042388506 512 288 -0.015280606347503164
891 SIMPLE_RADIAL 1024 576 610.41704273538039 512 288 -0.015568192444283015
890 SIMPLE_RADIAL 1024 576 607.79913637802338 512 288 -0.01572117129809094
889 SIMPLE_RADIAL 1024 576 604.25361827420636 512 288 -0.01321236585979379
888 SIMPLE_RADIAL 1024 576 612.49055421974492 512 288 -0.011353575325550229
887 SIMPLE_RADIAL 1024 576 613.58570929565894 512 288 -0.0055958343959486932
886 SIMPLE_RADIAL 1024 576 602.08644268087073 512 288 -0.0042800489227912469
817 SIMPLE_RADIAL 1024 576 614.61450994883546 512 288 0.001287348139186168
276 SIMPLE_RADIAL 1024 768 4745.7944359216526 512 384 -0.015309877043833738
815 SIMPLE_RADIAL 1024 576 614.85363690947611 512 288 0.0012876473552834208
274 SIMPLE_RADIAL 1024 768 4676.994463630891 512 384 -0.011732830542175278
814 SIMPLE_RADIAL 1024 576 614.74938915190216 512 288 0.0017454183071973529
273 SIMPLE_RADIAL 1024 768 3426.603219535511 512 384 0.0095607952654654677
813 SIMPLE_RADIAL 1024 576 614.56915229940444 512 288 0.0021697560106172034
272 SIMPLE_RADIAL 1024 768 1737.345299812597 512 384 -0.0012658616031650638
812 SIMPLE_RADIAL 1024 576 614.65630607528135 512 288 0.0025517948415152681
271 SIMPLE_RADIAL 1024 768 1735.8782324814092 512 384 0.0018805225340799597
811 SIMPLE_RADIAL 1024 576 614.69645277485006 512 288 0.0017803474751959981
270 SIMPLE_RADIAL 1024 768 2487.3463885841429 512 384 -0.0069960098387847145
810 SIMPLE_RADIAL 1024 576 614.47859250568956 512 288 0.0015204512967402807
269 SIMPLE_RADIAL 1024 768 2496.2515478119435 512 384 0.0027050274195445098
809 SIMPLE_RADIAL 1024 576 614.8457106054932 512 288 0.0012212175339546467
268 SIMPLE_RADIAL 1024 768 3277.4494998919363 512 384 0.0081104653602764049
808 SIMPLE_RADIAL 1024 576 614.36270924221901 512 288 0.0013350739932519104
267 SIMPLE_RADIAL 1024 768 2800.5533648975475 512 384 0.022475813458584591
807 SIMPLE_RADIAL 1024 576 613.8281046720017 512 288 -0.0001068894708603859
266 SIMPLE_RADIAL 1024 768 5684.0719483774128 512 384 -0.045339060601551566
806 SIMPLE_RADIAL 1024 576 613.92822344438366 512 288 -0.00019956142617567253
265 SIMPLE_RADIAL 1024 768 5501.8904544900442 512 384 0.018450975969558314
805 SIMPLE_RADIAL 1024 576 613.67205457457464 512 288 -0.00038450000141229549
264 SIMPLE_RADIAL 1024 768 4306.6072284657812 512 384 -0.00054271837381834572
804 SIMPLE_RADIAL 1024 576 613.28615790357821 512 288 -0.00012946063029450444
263 SIMPLE_RADIAL 1024 768 3191.8101282492976 512 384 0.015442638485473654
803 SIMPLE_RADIAL 1024 576 612.79685359373741 512 288 -0.0002930324219940553
262 SIMPLE_RADIAL 1024 768 4025.5664071387409 512 384 0.0021372329395413633
965 SIMPLE_RADIAL 1024 576 903.52254656509228 512 288 -0.25842321229569781
838 SIMPLE_RADIAL 1024 576 613.29172791584756 512 288 -0.0011384814043854522
297 SIMPLE_RADIAL 1024 768 1206.8182162451558 512 384 -0.0080248078670763917
964 SIMPLE_RADIAL 1024 576 904.1505901817734 512 288 -0.25774388912613261
837 SIMPLE_RADIAL 1024 576 612.97412337928552 512 288 -2.550743924633901e-05
296 SIMPLE_RADIAL 1024 768 2931.61514266107 512 384 0.0074615162689312259
816 SIMPLE_RADIAL 1024 576 614.93592350669257 512 288 0.0011836997260627419
275 SIMPLE_RADIAL 1024 768 4785.5898805418419 512 384 0.049909975301193232
243 SIMPLE_RADIAL 1024 768 4898.8649786791721 512 384 -0.020465946251584242
784 SIMPLE_RADIAL 1024 576 615.26608219454556 512 288 -0.0070365982812055448
884 SIMPLE_RADIAL 1024 576 615.07513326390688 512 288 -0.0048797995018979336
963 SIMPLE_RADIAL 1024 576 903.67963107242781 512 288 -0.25836803764060245
836 SIMPLE_RADIAL 1024 576 613.04717110071067 512 288 -0.0010358739492898937
295 SIMPLE_RADIAL 1024 768 1225.2133608374011 512 384 -0.00090674561481581732
959 SIMPLE_RADIAL 1024 576 896.3843541373036 512 288 -0.26758352542612868
832 SIMPLE_RADIAL 1024 576 613.8813817673115 512 288 -0.0039053715053743118
291 SIMPLE_RADIAL 1024 768 3426.2094866759899 512 384 -0.025342219006811481
495 SIMPLE_RADIAL 1024 700 1134.264487543883 512 350 -0.14859437236578019
876 SIMPLE_RADIAL 1024 576 610.31101281985252 512 288 -0.0037660118105001788
962 SIMPLE_RADIAL 1024 576 903.14749517709117 512 288 -0.25751057782648207
835 SIMPLE_RADIAL 1024 576 613.51036553699441 512 288 -0.0022142927414786412
294 SIMPLE_RADIAL 1024 768 1843.8140955700499 512 384 0.0013899426012280935
958 SIMPLE_RADIAL 1024 576 896.11484087750864 512 288 -0.26572545937109204
831 SIMPLE_RADIAL 1024 576 614.43496950212614 512 288 -0.0049447899421560353
290 SIMPLE_RADIAL 1024 768 3443.09374859441 512 384 -0.0080199164565352733
961 SIMPLE_RADIAL 1024 576 902.278647121017 512 288 -0.25652840831962254
325 SIMPLE_RADIAL 1024 768 1362.1695863090217 512 384 -0.020920869206616923
866 SIMPLE_RADIAL 1024 576 613.72278914137064 512 288 -0.0016518375125600456
324 SIMPLE_RADIAL 1024 768 3044.899746981469 512 384 0.012020913598418613
865 SIMPLE_RADIAL 1024 576 613.69598026112021 512 288 -0.0017746972307691737
323 SIMPLE_RADIAL 1024 768 4564.5885622641017 512 384 0.0065189696267067988
864 SIMPLE_RADIAL 1024 576 614.27903890479979 512 288 -0.0054243400362309485
322 SIMPLE_RADIAL 1024 768 3946.5413126921162 512 384 -0.0040601569821036021
863 SIMPLE_RADIAL 1024 576 615.08837995210854 512 288 -0.0063389671897273311
334 SIMPLE_RADIAL 1024 768 2956.9354900618459 512 384 -0.0037892252037755284
875 SIMPLE_RADIAL 1024 576 609.64925382151182 512 288 -0.0043014353417153159
335 SIMPLE_RADIAL 1024 768 2953.8029710958681 512 384 0.0051734749800948663
336 SIMPLE_RADIAL 1024 768 2979.2023397718376 512 384 0.029039841115900779
877 SIMPLE_RADIAL 1024 576 611.38139284152589 512 288 -0.00082070325934505606
337 SIMPLE_RADIAL 1024 768 4729.7599643556814 512 384 -0.0016934492843665326
878 SIMPLE_RADIAL 1024 576 612.49398759253074 512 288 -0.0022498826889834891
338 SIMPLE_RADIAL 1024 768 6689.8618903180259 512 384 -0.0077465898788354141
879 SIMPLE_RADIAL 1024 576 614.17442508160627 512 288 -0.0013636736296219064
339 SIMPLE_RADIAL 1024 768 2926.2520859803267 512 384 0.017271627136997984
880 SIMPLE_RADIAL 1024 576 614.30767578839209 512 288 -0.00086887455662861945
340 SIMPLE_RADIAL 1024 768 2934.255329299674 512 384 0.0308401042271352
881 SIMPLE_RADIAL 1024 576 614.2954855112539 512 288 -0.0011258067791428713
341 SIMPLE_RADIAL 1024 768 1436.3576686262556 512 384 -0.013018083805484533
882 SIMPLE_RADIAL 1024 576 614.14439609645069 512 288 -0.0013058816649559964
342 SIMPLE_RADIAL 1024 768 1436.6421885474647 512 384 -0.0094520051540922436
883 SIMPLE_RADIAL 1024 576 619.50923552135362 512 288 -0.0021402711891086571
343 SIMPLE_RADIAL 1024 768 3070.7293012623695 512 384 -0.0046162855414735426
344 SIMPLE_RADIAL 1024 768 951.57253212678495 512 384 -0.010018908519888417
885 SIMPLE_RADIAL 1024 576 604.41661680504865 512 288 -0.0035218810394736116
345 SIMPLE_RADIAL 1024 768 2527.5764161596276 512 384 -0.0042704527575562895
346 SIMPLE_RADIAL 1024 768 2525.995450399696 512 384 0.00295371926617487
347 SIMPLE_RADIAL 1024 768 2526.2523371769175 512 384 -0.0010623079025620212
348 SIMPLE_RADIAL 1024 768 2524.1773905892242 512 384 -0.0032104151667703604
349 SIMPLE_RADIAL 1024 768 2526.3236884509306 512 384 0.00092375290396121785
350 SIMPLE_RADIAL 1024 768 2529.1410701709083 512 384 -0.0064921377304297491
351 SIMPLE_RADIAL 1024 768 3981.7839381859753 512 384 0.025250529101865978
352 SIMPLE_RADIAL 1024 768 4007.6272526489488 512 384 -0.0050701386839242749
353 SIMPLE_RADIAL 1024 768 2135.9372686318961 512 384 -0.0020433523341977689
354 SIMPLE_RADIAL 1024 768 1368.0929480919319 512 384 -0.015288409990340679
355 SIMPLE_RADIAL 1024 768 3250.5460923038845 512 384 -0.0012455336720179797
356 SIMPLE_RADIAL 1024 768 3249.5159192259021 512 384 -0.0025466750656175058
357 SIMPLE_RADIAL 1024 768 875.58159894321125 512 384 -0.00024289478865292103
358 SIMPLE_RADIAL 1024 768 2042.1951433819656 512 384 0.0038309325900271179
359 SIMPLE_RADIAL 1024 768 2044.1825691841875 512 384 0.0031192336010653948
360 SIMPLE_RADIAL 1024 768 3605.6582123256544 512 384 0.02749151771734679
361 SIMPLE_RADIAL 1024 768 3619.3153897433026 512 384 0.0088469404789190392
362 SIMPLE_RADIAL 1024 768 3632.0120419617119 512 384 -0.020717858433034451
363 SIMPLE_RADIAL 1024 768 2014.9035508966097 512 384 0.0036483462490437633
364 SIMPLE_RADIAL 1024 768 2011.1569249647673 512 384 -0.0011020088711071246
365 SIMPLE_RADIAL 1024 768 3213.8581141703512 512 384 0.010560984011081879
366 SIMPLE_RADIAL 1024 768 3213.1497086669378 512 384 0.012569344057348684
367 SIMPLE_RADIAL 1024 768 3207.88863290582 512 384 -0.011002812657302076
368 SIMPLE_RADIAL 1024 768 3219.0084445866464 512 384 0.0020310290285021483
369 SIMPLE_RADIAL 1024 768 3223.101210411854 512 384 0.0050889067207190199
370 SIMPLE_RADIAL 1024 768 3240.4478085339174 512 384 0.030092161812852441
371 SIMPLE_RADIAL 1024 768 2423.5351465510948 512 384 0.019328156942484166
372 SIMPLE_RADIAL 1024 768 4308.6206770157069 512 384 -0.03071067016592316
373 SIMPLE_RADIAL 1024 768 4291.9850585771301 512 384 -0.0028766650946670347
374 SIMPLE_RADIAL 1024 768 2712.3506994374643 512 384 0.011413304722801708
375 SIMPLE_RADIAL 1024 768 1777.642257205132 512 384 0.015114219019677445
376 SIMPLE_RADIAL 1024 768 1056.9209000646197 512 384 -0.0058964359494791526
377 SIMPLE_RADIAL 1024 768 2443.3502361536603 512 384 -0.00097466042767098296
378 SIMPLE_RADIAL 1024 768 3676.7561756341997 512 384 -0.0056114803356068551
379 SIMPLE_RADIAL 1024 768 3669.6250698414792 512 384 0.026564044813381711
380 SIMPLE_RADIAL 1024 768 2580.8823346695626 512 384 0.0051290671864927207
381 SIMPLE_RADIAL 1024 768 2588.0062433873368 512 384 -0.0051795552204797991
382 SIMPLE_RADIAL 1024 768 2590.6011612314778 512 384 -0.0082443770478413426
383 SIMPLE_RADIAL 1024 768 2581.8957779835837 512 384 -0.0066491055520212367
384 SIMPLE_RADIAL 1024 768 2582.9916332393582 512 384 0.001408699648527944
385 SIMPLE_RADIAL 1024 768 2612.762161366169 512 384 0.010162368531310854
386 SIMPLE_RADIAL 1024 768 2618.7550228303576 512 384 -0.006665313654065497
387 SIMPLE_RADIAL 1024 768 2612.0972758760231 512 384 0.0050055474553958165
388 SIMPLE_RADIAL 1024 768 1464.2592201023704 512 384 -0.0023829589226880238
389 SIMPLE_RADIAL 1024 768 1461.0051401035519 512 384 -0.0040888756177511502
390 SIMPLE_RADIAL 1024 768 2934.5881187653404 512 384 0.00022147056124852181
391 SIMPLE_RADIAL 1024 768 5281.6858638875283 512 384 0.021059803038299227
392 SIMPLE_RADIAL 1024 768 5232.9195516824866 512 384 0.021346474962509153
393 SIMPLE_RADIAL 1024 768 2374.811694765935 512 384 0.0054544469981824715
394 SIMPLE_RADIAL 1024 768 1086.9953985179709 512 384 -0.016406916316380887
395 SIMPLE_RADIAL 1024 768 2502.6239569393638 512 384 0.014386902992720994
462 SIMPLE_RADIAL 1024 768 1815.329889584181 512 384 1.3637091919457604e-05
463 SIMPLE_RADIAL 1024 768 1816.0941353659537 512 384 -0.0040723791379533442
464 SIMPLE_RADIAL 1024 768 1817.5171669708186 512 384 -0.00046968124555946665
465 SIMPLE_RADIAL 1024 768 1169.8500142424004 512 384 -0.00029400063174990889
466 SIMPLE_RADIAL 1024 768 1170.1628314104241 512 384 0.0018478759875699092
467 SIMPLE_RADIAL 1024 768 843.90136713788218 512 384 0.00082776908644276582
468 SIMPLE_RADIAL 1024 768 1725.0856959285993 512 384 0.0025877599303822242
469 SIMPLE_RADIAL 1024 768 1723.5855285031178 512 384 -0.0019843597918906722
470 SIMPLE_RADIAL 1024 768 1741.6976546825945 512 384 0.011840085219111746
471 SIMPLE_RADIAL 1024 768 1739.3739796090945 512 384 0.010561651289975693
472 SIMPLE_RADIAL 1024 768 1739.5367757303836 512 384 0.0092285044726266169
473 SIMPLE_RADIAL 1024 768 1745.0942801482902 512 384 0.0019655822737567898
474 SIMPLE_RADIAL 1024 768 1741.7575532568737 512 384 0.0011661058179724606
476 SIMPLE_RADIAL 1024 768 1221.8207258739728 512 384 -0.0049388158240760201
477 SIMPLE_RADIAL 1024 768 1223.1740672142948 512 384 -0.0015407502715318654
482 SIMPLE_RADIAL 1024 768 1099.5788656518057 512 384 -0.011278136515453353
483 SIMPLE_RADIAL 1024 768 731.84618627466136 512 384 -0.0070820890802175632
484 SIMPLE_RADIAL 1024 700 1269.3060944267027 512 350 -0.13950811838246152
485 SIMPLE_RADIAL 1024 700 2169.1780567442015 512 350 -0.043846768212831226
486 SIMPLE_RADIAL 700 1024 2120.3293948872774 350 512 -0.17397255252044364
487 SIMPLE_RADIAL 700 1024 1506.2586527224091 350 512 -0.039628096693202455
515 SIMPLE_RADIAL 700 1024 1938.5117812828553 350 512 0.024535489625230431
516 SIMPLE_RADIAL 1024 700 1078.3710099404163 512 350 0.036965727593270908
458 SIMPLE_RADIAL 1024 768 3161.3162136229307 512 384 0.0066064816202647475
517 SIMPLE_RADIAL 700 1024 1937.3534524645856 350 512 -0.017511544461568808
488 SIMPLE_RADIAL 700 1024 2201.2994251294258 350 512 0.09941291148371463
459 SIMPLE_RADIAL 1024 768 3161.8913659703494 512 384 -0.0013699776504842197
518 SIMPLE_RADIAL 700 1024 1114.4503912821312 350 512 0.051722054983756649
460 SIMPLE_RADIAL 1024 768 3165.9957918953901 512 384 0.0014495524899510821
519 SIMPLE_RADIAL 1024 700 1066.2448853453363 512 350 0.019174785091329295
490 SIMPLE_RADIAL 1024 700 2162.7095147943674 512 350 0.15729906533497548
461 SIMPLE_RADIAL 1024 768 3166.088703368493 512 384 -0.001692211739907403
520 SIMPLE_RADIAL 1024 700 4992.5638019546923 512 350 -0.92506159619260087
491 SIMPLE_RADIAL 700 1024 2113.3078714772105 350 512 0.14930632994943635
475 SIMPLE_RADIAL 1024 768 1742.4804066692893 512 384 0.0027175843556460542
534 SIMPLE_RADIAL 700 1024 1213.4400137546054 350 512 -0.22789304166791732
150 SIMPLE_RADIAL 1024 768 1378.468642470518 512 384 -0.0098892142528517763
407 SIMPLE_RADIAL 1024 768 970.88318069085585 512 384 0.0054727892055197345
948 SIMPLE_RADIAL 1024 576 894.96561879336048 512 288 -0.25551470436785656
505 SIMPLE_RADIAL 700 1024 1883.7738483420856 350 512 0.0028062750930899481
478 SIMPLE_RADIAL 1024 768 855.83782852593845 512 384 -0.016951433797123303
537 SIMPLE_RADIAL 700 1024 1094.2404979544908 350 512 -0.112694563968321
153 SIMPLE_RADIAL 1024 768 1364.4737392303075 512 384 -0.020142570825318812
410 SIMPLE_RADIAL 1024 768 1445.8448186571684 512 384 -0.008532489773827992
951 SIMPLE_RADIAL 1024 576 893.58066416439317 512 288 -0.25277616590226959
508 SIMPLE_RADIAL 700 1024 1199.9031581202755 350 512 -0.1454220768201035
479 SIMPLE_RADIAL 1024 768 1729.5871788043557 512 384 0.001781890760258034
538 SIMPLE_RADIAL 700 1024 1102.0696124575622 350 512 0.020798371505885437
154 SIMPLE_RADIAL 1024 768 2185.7121509181807 512 384 -0.00321383276218628
411 SIMPLE_RADIAL 1024 768 3543.268633694744 512 384 0.0074126252821367679
952 SIMPLE_RADIAL 1024 576 893.48239524618748 512 288 -0.25315315909386371
509 SIMPLE_RADIAL 700 1024 1054.1937798758638 350 512 0.049712694531781711
513 SIMPLE_RADIAL 700 1024 1071.494978527616 350 512 -0.14758540233466513
480 SIMPLE_RADIAL 1024 768 1732.5847954420412 512 384 0.0043615636625608132
539 SIMPLE_RADIAL 1024 700 1075.7300230912956 512 350 -0.00065629652162765069
155 SIMPLE_RADIAL 1024 768 2188.8059472941814 512 384 -0.0056224591897432131
412 SIMPLE_RADIAL 1024 768 1908.0383782763874 512 384 -0.0022319900906202779
953 SIMPLE_RADIAL 1024 576 893.60185608066502 512 288 -0.25429291157707729
514 SIMPLE_RADIAL 700 1024 1051.5074113763058 350 512 -0.13530349205178799
481 SIMPLE_RADIAL 1024 768 1101.1112298999569 512 384 -0.0094664861596568655
540 SIMPLE_RADIAL 700 1024 2128.2803319715586 350 512 0.10638212068489353
156 SIMPLE_RADIAL 1024 768 2185.962688244133 512 384 -0.0026514136494973613
413 SIMPLE_RADIAL 1024 768 1905.0179832793669 512 384 -0.0016025065171966846
954 SIMPLE_RADIAL 1024 576 893.79796027504915 512 288 -0.2551645706594276
511 SIMPLE_RADIAL 700 1024 1109.5298898693939 350 512 -0.11769101086780841
512 SIMPLE_RADIAL 700 1024 2072.4759506728979 350 512 -0.044557001070042283
507 SIMPLE_RADIAL 700 1024 1985.0813663717652 350 512 -0.015518495329226455
506 SIMPLE_RADIAL 1024 700 1951.8221749735551 512 350 -0.049728383999487299
503 SIMPLE_RADIAL 700 1024 1096.3921132249036 350 512 -0.12712504747384407
499 SIMPLE_RADIAL 700 1024 2136.7359807097555 350 512 0.13094613474413241
498 SIMPLE_RADIAL 700 1024 2177.1985636260133 350 512 0.029568533704013546
497 SIMPLE_RADIAL 700 1024 2248.0807382582843 350 512 0.14781523567538962
496 SIMPLE_RADIAL 700 1024 2155.250979854517 350 512 0.081109284883127755
493 SIMPLE_RADIAL 1024 700 1134.7325752940528 512 350 -0.13352324271023627
457 SIMPLE_RADIAL 1024 768 3158.5753215349678 512 384 0.0064211386749442453
713 SIMPLE_RADIAL 701 1024 914.34300215703456 350.5 512 -0.110386842947322
172 SIMPLE_RADIAL 1024 768 7784.8773211091766 512 384 0.16500661155960039
456 SIMPLE_RADIAL 1024 768 3143.5472005068391 512 384 -0.0050935828100709549
455 SIMPLE_RADIAL 1024 768 2685.2616435006503 512 384 0.0039348569029215323
197 SIMPLE_RADIAL 1024 768 4135.274270767959 512 384 0.00014412419391321221
454 SIMPLE_RADIAL 1024 768 2674.2762064944718 512 384 -0.011026391346001691
196 SIMPLE_RADIAL 1024 768 2548.905264472708 512 384 0.001243548023334134
453 SIMPLE_RADIAL 1024 768 2683.3738267517515 512 384 0.0024820112587297916
195 SIMPLE_RADIAL 1024 768 3080.2249668886047 512 384 0.027710132657324686
452 SIMPLE_RADIAL 1024 768 1082.5400435486993 512 384 -0.020546667402906928
194 SIMPLE_RADIAL 1024 768 8316.3741689539347 512 384 0.03630004375318939
451 SIMPLE_RADIAL 1024 768 3385.2393872568241 512 384 -0.010303416866968378
193 SIMPLE_RADIAL 1024 768 4539.6011683601901 512 384 -0.0093595394223987965
450 SIMPLE_RADIAL 1024 768 2437.3145288878604 512 384 -0.0064393386008172702
192 SIMPLE_RADIAL 1024 768 4483.877034405723 512 384 -0.077120407785485526
449 SIMPLE_RADIAL 1024 768 1395.8692016133512 512 384 -0.0082373675082781338
191 SIMPLE_RADIAL 1024 768 2637.795181460709 512 384 0.0099072715216991722
448 SIMPLE_RADIAL 1024 768 3319.3151877925516 512 384 -0.0082055765661228734
190 SIMPLE_RADIAL 1024 768 5222.4153032268732 512 384 0.032095505477743695
447 SIMPLE_RADIAL 1024 768 3317.6365563834361 512 384 -0.010925326372483557
189 SIMPLE_RADIAL 1024 768 5214.6820426098593 512 384 0.12502360357795822
446 SIMPLE_RADIAL 1024 768 2160.4640362769214 512 384 -0.0090474286620404794
188 SIMPLE_RADIAL 1024 768 5203.8277933905065 512 384 0.060378579569807481
445 SIMPLE_RADIAL 1024 768 2158.2324191290322 512 384 -0.0089409519425851357
187 SIMPLE_RADIAL 1024 768 5211.0560811011974 512 384 0.081326332832072745
444 SIMPLE_RADIAL 1024 768 2964.7663844442013 512 384 0.0066235756490890356
186 SIMPLE_RADIAL 1024 768 8693.7535565233429 512 384 -0.056887936535420035
443 SIMPLE_RADIAL 1024 768 2958.6369981254525 512 384 0.014497000861996104
185 SIMPLE_RADIAL 1024 768 8655.0770543019789 512 384 -0.26908674429753238
442 SIMPLE_RADIAL 1024 768 2956.8045342085979 512 384 0.028680706815084053
184 SIMPLE_RADIAL 1024 768 8809.1476080934754 512 384 -0.010688064969369911
441 SIMPLE_RADIAL 1024 768 2973.8825639207694 512 384 0.015456510455170757
183 SIMPLE_RADIAL 1024 768 8573.1891184290689 512 384 -0.1344282358197772
440 SIMPLE_RADIAL 1024 768 3202.3399244821153 512 384 0.0062409015753718284
182 SIMPLE_RADIAL 1024 768 8722.9262564005421 512 384 0.089886010275658249
439 SIMPLE_RADIAL 1024 768 3204.2514310532392 512 384 0.0090035045971173042
181 SIMPLE_RADIAL 1024 768 8718.2845467416118 512 384 0.21434937114874486
438 SIMPLE_RADIAL 1024 768 3211.3072188850088 512 384 0.0076647564804562147
979 SIMPLE_RADIAL 1024 437 757.00220807457436 512 218.5 -0.1983305232856947
180 SIMPLE_RADIAL 1024 768 8702.5611327222032 512 384 -0.058408015622333387
437 SIMPLE_RADIAL 1024 768 3202.7790532701301 512 384 -0.01784085119508895
978 SIMPLE_RADIAL 1024 437 757.88147683420038 512 218.5 -0.2007297181893925
179 SIMPLE_RADIAL 1024 768 4743.7581849791177 512 384 0.0083428635648157799
950 SIMPLE_RADIAL 1024 576 894.39158556306893 512 288 -0.25290632461604701
409 SIMPLE_RADIAL 1024 768 2308.948807723516 512 384 0.0067781923902795306
436 SIMPLE_RADIAL 1024 768 3207.9022690861329 512 384 0.0016081363238830675
977 SIMPLE_RADIAL 1024 437 758.60370542093801 512 218.5 -0.20338140122479861
178 SIMPLE_RADIAL 1024 768 4725.2354849144058 512 384 0.040504970374928242
949 SIMPLE_RADIAL 1024 576 894.77857208654871 512 288 -0.25452816363973779
408 SIMPLE_RADIAL 1024 768 2306.3296904007134 512 384 -0.011068105456842472
435 SIMPLE_RADIAL 1024 768 3199.0265764109308 512 384 0.0018440278761139503
976 SIMPLE_RADIAL 1024 437 759.23483073926752 512 218.5 -0.20554823307397532
177 SIMPLE_RADIAL 1024 768 7773.5501069393076 512 384 0.14620243949401268
434 SIMPLE_RADIAL 1024 768 3198.677656523404 512 384 0.012313483560459353
975 SIMPLE_RADIAL 1024 437 761.65700665820953 512 218.5 -0.21052785981941682
176 SIMPLE_RADIAL 1024 768 7769.4032256141863 512 384 0.0033729543899322549
433 SIMPLE_RADIAL 1024 768 3201.2489581293876 512 384 0.0002568088369041216
974 SIMPLE_RADIAL 1024 437 763.1403129831973 512 218.5 -0.2156477409162082
175 SIMPLE_RADIAL 1024 768 7801.3109142668418 512 384 -0.034203747297017154
432 SIMPLE_RADIAL 1024 768 3195.9757123169529 512 384 -0.0002954669538675689
973 SIMPLE_RADIAL 1024 437 765.12566622727093 512 218.5 -0.2189034180167071
174 SIMPLE_RADIAL 1024 768 7769.3955611340498 512 384 -0.0042203954721051979
431 SIMPLE_RADIAL 1024 768 3195.2476377207404 512 384 0.0091575588665454202
972 SIMPLE_RADIAL 1024 437 719.47055534228605 512 218.5 -0.18838763644665543
173 SIMPLE_RADIAL 1024 768 7745.3270771609377 512 384 0.1085561266343843
430 SIMPLE_RADIAL 1024 768 1399.3713543869715 512 384 -0.0067794683793489007
971 SIMPLE_RADIAL 1024 437 719.20701230302234 512 218.5 -0.19060990925569396
429 SIMPLE_RADIAL 1024 768 1399.012152325919 512 384 -0.0046734617521667953
970 SIMPLE_RADIAL 1024 437 717.35898814061204 512 218.5 -0.18605071399480269
171 SIMPLE_RADIAL 1024 768 7761.875546285788 512 384 -0.11482702128106349
428 SIMPLE_RADIAL 1024 768 835.23212241295653 512 384 -0.0010809465909098893
170 SIMPLE_RADIAL 1024 768 7773.4202128785801 512 384 0.065727250046483332
427 SIMPLE_RADIAL 1024 768 1291.9834534308736 512 384 -9.8236128347437458e-06
169 SIMPLE_RADIAL 1024 768 7801.3163484008837 512 384 0.11468149811007643
426 SIMPLE_RADIAL 1024 768 1800.6033011293498 512 384 -0.0045099441558962986
168 SIMPLE_RADIAL 1024 768 7743.8893313732715 512 384 -0.03477261558031311
425 SIMPLE_RADIAL 1024 768 3875.2503822199938 512 384 -0.028614311765871713
167 SIMPLE_RADIAL 1024 768 6075.8046217685915 512 384 -0.04859662202385865
424 SIMPLE_RADIAL 1024 768 6235.0794492326731 512 384 0.048171373952261516
166 SIMPLE_RADIAL 1024 768 6072.8385171548871 512 384 0.12210763220732382
423 SIMPLE_RADIAL 1024 768 3684.5151252345208 512 384 0.018445069497510826
165 SIMPLE_RADIAL 1024 768 6054.2642902476691 512 384 0.025383003271874274
422 SIMPLE_RADIAL 1024 768 3682.5251697786116 512 384 -0.0061948358735656305
164 SIMPLE_RADIAL 1024 768 6049.3131647113087 512 384 0.097604649993306272
421 SIMPLE_RADIAL 1024 768 2077.1691268271056 512 384 -0.0097094225508888941
163 SIMPLE_RADIAL 1024 768 5932.2864825014176 512 384 0.030266534784800923
420 SIMPLE_RADIAL 1024 768 2819.2790346394968 512 384 0.0055895274231981011
162 SIMPLE_RADIAL 1024 768 4656.354001652634 512 384 0.021899807029793369
419 SIMPLE_RADIAL 1024 768 2824.4489418754629 512 384 0.010192731788111696
960 SIMPLE_RADIAL 1024 576 896.25455220080391 512 288 -0.26276357471638295
161 SIMPLE_RADIAL 1024 768 7783.4008203031735 512 384 0.20105537541182478
418 SIMPLE_RADIAL 1024 768 2821.2803391465964 512 384 0.0041056404624849278
160 SIMPLE_RADIAL 1024 768 7781.3477517099063 512 384 0.21799373343445036
417 SIMPLE_RADIAL 1024 768 2830.7018767714258 512 384 -0.00850050973517146
159 SIMPLE_RADIAL 1024 768 3634.6377693482596 512 384 -0.010358906871384205
416 SIMPLE_RADIAL 1024 768 4484.6489967180951 512 384 -0.00088855359779924472
957 SIMPLE_RADIAL 1024 576 896.79001969187027 512 288 -0.26355484590475503
158 SIMPLE_RADIAL 1024 768 1290.0663337429305 512 384 -0.020389420741395051
415 SIMPLE_RADIAL 1024 768 4478.3535967998932 512 384 0.0047294358666438484
956 SIMPLE_RADIAL 1024 576 896.62190774512828 512 288 -0.26282958804010376
157 SIMPLE_RADIAL 1024 768 2183.1054496313427 512 384 -0.0061143732725709912
414 SIMPLE_RADIAL 1024 768 4506.9623917675754 512 384 0.024905873988599048
955 SIMPLE_RADIAL 1024 576 895.76772474203369 512 288 -0.25966104091110603
152 SIMPLE_RADIAL 1024 768 1377.0862285852008 512 384 -0.012439817752889206
151 SIMPLE_RADIAL 1024 768 1376.4513975147613 512 384 -0.011978415590863824
149 SIMPLE_RADIAL 1024 768 1374.5051524406038 512 384 -0.010934536412972828
406 SIMPLE_RADIAL 1024 768 1364.4894969559284 512 384 -0.014639968095186213
148 SIMPLE_RADIAL 1024 768 1374.9423105926326 512 384 -0.014858711721445695
405 SIMPLE_RADIAL 1024 768 3331.2625214374816 512 384 -0.0013810861495928055
147 SIMPLE_RADIAL 1024 768 1379.2455763820965 512 384 -0.011993966079942348
404 SIMPLE_RADIAL 1024 768 3343.6472907760899 512 384 0.025271228319512937
146 SIMPLE_RADIAL 1024 768 1393.6661558618225 512 384 -0.0052375607050519947
403 SIMPLE_RADIAL 1024 768 5427.1731127073572 512 384 -0.024889960719034532
145 SIMPLE_RADIAL 1024 768 2528.1622053703331 512 384 0.0068483458875528078
402 SIMPLE_RADIAL 1024 768 2599.491732490872 512 384 0.014851215284768241
144 SIMPLE_RADIAL 1024 768 2540.1335335796953 512 384 -0.0016525733933440455
401 SIMPLE_RADIAL 1024 768 2503.2459828678416 512 384 0.0039105851307947572
143 SIMPLE_RADIAL 1024 768 1417.1078151887721 512 384 0.0014926466783711223
400 SIMPLE_RADIAL 1024 768 2497.9530102154954 512 384 -0.0052345345913034618
142 SIMPLE_RADIAL 1024 768 1416.4386588306927 512 384 0.0042713806830523421
399 SIMPLE_RADIAL 1024 768 2511.3227116084563 512 384 0.0021956520024381358
141 SIMPLE_RADIAL 1024 768 1414.1003567260664 512 384 -0.0043119235875955344
398 SIMPLE_RADIAL 1024 768 2516.4079508801515 512 384 0.00234491973203531
397 SIMPLE_RADIAL 1024 768 2502.487217896698 512 384 0.0098549810487882708
396 SIMPLE_RADIAL 1024 768 2515.5368854353087 512 384 -0.0063196767987599529
139 SIMPLE_RADIAL 1024 768 1396.5713373040226 512 384 -0.0067576588161711712
138 SIMPLE_RADIAL 1024 768 731.106252755382 512 384 -0.0054135332108258532
137 SIMPLE_RADIAL 1024 768 4520.1275524417324 512 384 0.009873965901350366
134 SIMPLE_RADIAL 1024 768 5386.5316428701017 512 384 0.013523893509306649
316 SIMPLE_RADIAL 1024 768 5021.0479627970381 512 384 -0.0030495332897099332
857 SIMPLE_RADIAL 1024 576 614.97744812545056 512 288 -0.00068595523970337827
59 SIMPLE_RADIAL 1024 683 1469.7574249617705 512 341.5 -0.096730750857645237
315 SIMPLE_RADIAL 1024 768 5027.5499916570234 512 384 0.0026955792521590662
856 SIMPLE_RADIAL 1024 576 616.09950681988732 512 288 -0.0025635173339733442
58 SIMPLE_RADIAL 1024 683 1470.7903337796495 512 341.5 -0.098266023870546421
599 SIMPLE_RADIAL 701 1024 970.86173211856283 350.5 512 -0.042423268030802472
314 SIMPLE_RADIAL 1024 768 2820.3450720956471 512 384 -0.00089938255957729564
855 SIMPLE_RADIAL 1024 576 617.26336371151081 512 288 -0.0027965608602166319
57 SIMPLE_RADIAL 1024 683 1473.3221977151138 512 341.5 -0.093392863856522845
56 SIMPLE_RADIAL 1024 683 1471.9806764919683 512 341.5 -0.095272485035989771
55 SIMPLE_RADIAL 1024 683 1469.6556294591915 512 341.5 -0.10347698573848985
54 SIMPLE_RADIAL 1024 683 1472.400042690316 512 341.5 -0.087694789850395
53 SIMPLE_RADIAL 1024 683 1476.604758506571 512 341.5 -0.10292199085595478
52 SIMPLE_RADIAL 1024 683 1471.899429559478 512 341.5 -0.10682055454039129
51 SIMPLE_RADIAL 1024 683 1475.4794255230918 512 341.5 -0.1108489859509053
50 SIMPLE_RADIAL 1024 683 1475.8275431261234 512 341.5 -0.10310715099147544
49 SIMPLE_RADIAL 1024 683 1475.1315592610079 512 341.5 -0.10043801046226947
48 SIMPLE_RADIAL 1024 683 1474.4979434134905 512 341.5 -0.10757117100931431
47 SIMPLE_RADIAL 1024 683 1472.753663573965 512 341.5 -0.10350592123852129
46 SIMPLE_RADIAL 1024 683 1470.4947813058025 512 341.5 -0.1008477510605169
45 SIMPLE_RADIAL 1024 683 1468.095518902586 512 341.5 -0.098363460809871642
44 SIMPLE_RADIAL 1024 683 1470.0169981403601 512 341.5 -0.098643896507346243
585 SIMPLE_RADIAL 701 1024 1139.0719689213045 350.5 512 -0.040274051735222735
326 SIMPLE_RADIAL 1024 768 1067.9550136933399 512 384 -3.1540194578546004e-05
867 SIMPLE_RADIAL 1024 576 614.12041182702501 512 288 -0.0023267034397326147
69 SIMPLE_RADIAL 1024 683 1481.5310134792871 512 341.5 -0.11433714311817109
327 SIMPLE_RADIAL 1024 768 3187.1406574957027 512 384 0.020589765517173089
868 SIMPLE_RADIAL 1024 576 612.75033373510098 512 288 -0.00039393472570127812
70 SIMPLE_RADIAL 1024 683 1480.4122425947035 512 341.5 -0.11043614971243382
328 SIMPLE_RADIAL 1024 768 3168.9196344252086 512 384 0.003863004422534034
869 SIMPLE_RADIAL 1024 576 611.91217482987656 512 288 0.0023054452755564146
71 SIMPLE_RADIAL 1024 683 1479.6328146366154 512 341.5 -0.10767945507323971
329 SIMPLE_RADIAL 1024 768 3853.012319963208 512 384 0.035046359830540809
870 SIMPLE_RADIAL 1024 576 612.08038702172382 512 288 0.0022082628125220396
72 SIMPLE_RADIAL 1024 683 1484.3996001250496 512 341.5 -0.10627539063420915
330 SIMPLE_RADIAL 1024 768 3859.5023820822107 512 384 0.043249152323038408
871 SIMPLE_RADIAL 1024 576 612.89093193980727 512 288 0.00097145162473901011
73 SIMPLE_RADIAL 1024 768 3092.7784612426262 512 384 -0.0047930571862079179
331 SIMPLE_RADIAL 1024 768 3874.4010616815763 512 384 0.015347721509511143
872 SIMPLE_RADIAL 1024 576 613.3001651498621 512 288 0.0015867869208506724
74 SIMPLE_RADIAL 1024 768 7014.6013343729082 512 384 -0.19841373733754974
615 SIMPLE_RADIAL 1024 701 901.57656175174702 512 350.5 -0.0020419689662156512
332 SIMPLE_RADIAL 1024 768 3873.9824677267375 512 384 0.034442911523269323
873 SIMPLE_RADIAL 1024 576 612.97779429095146 512 288 0.0020123882774267629
75 SIMPLE_RADIAL 1024 768 7007.5160211383327 512 384 -0.034993696888318986
333 SIMPLE_RADIAL 1024 768 2787.8644068897379 512 384 0.0091051274780186361
874 SIMPLE_RADIAL 1024 576 609.81798111300895 512 288 -0.0047250545201507803
76 SIMPLE_RADIAL 1024 768 6999.2579982511534 512 384 -0.071818194335945648
77 SIMPLE_RADIAL 1024 768 6999.0040210508969 512 384 0.034209261073128085
78 SIMPLE_RADIAL 1024 768 7028.9231545368293 512 384 0.010605990941328785
79 SIMPLE_RADIAL 1024 768 7006.8638151383548 512 384 -0.15104965994109831
80 SIMPLE_RADIAL 1024 768 7020.5693809565346 512 384 0.029537826402955318
81 SIMPLE_RADIAL 1024 768 6995.6008119351154 512 384 0.11120958093510999
82 SIMPLE_RADIAL 1024 768 4429.2624583836796 512 384 0.069695967325803562
83 SIMPLE_RADIAL 1024 768 8558.7624177120306 512 384 0.21399829975162454
107 SIMPLE_RADIAL 1024 768 4959.0401018232797 512 384 -0.0064398697748371311
84 SIMPLE_RADIAL 1024 768 8586.3831187167598 512 384 0.095266693245179362
85 SIMPLE_RADIAL 1024 768 8566.6575898484425 512 384 0.19247843023117261
86 SIMPLE_RADIAL 1024 768 8527.9948073202231 512 384 0.0044463704361044293
858 SIMPLE_RADIAL 1024 576 613.89582534425926 512 288 -0.0012456944890569786
317 SIMPLE_RADIAL 1024 768 3116.2730978318705 512 384 -0.026685163451937981
87 SIMPLE_RADIAL 1024 768 8650.675045119815 512 384 0.094403865180222798
859 SIMPLE_RADIAL 1024 576 612.89715149634719 512 288 0.0011018808918756993
318 SIMPLE_RADIAL 1024 768 3122.786820218143 512 384 0.012914440216887637
88 SIMPLE_RADIAL 1024 768 8636.4455885284387 512 384 0.10808240089510177
860 SIMPLE_RADIAL 1024 576 613.57882927743049 512 288 -0.00054674338809899861
319 SIMPLE_RADIAL 1024 768 3917.7674997543099 512 384 -0.026772993407466247
89 SIMPLE_RADIAL 1024 768 8633.2060788711187 512 384 0.094519877400830399
861 SIMPLE_RADIAL 1024 576 613.04357987720721 512 288 -0.0023931166451920476
320 SIMPLE_RADIAL 1024 768 3932.1678361751574 512 384 0.017176701188595045
90 SIMPLE_RADIAL 1024 768 5598.2088777624367 512 384 -0.019553240102867693
862 SIMPLE_RADIAL 1024 576 614.83671683667239 512 288 -0.0076459631102494645
321 SIMPLE_RADIAL 1024 768 3935.8618719612377 512 384 -0.0036000957924483476
91 SIMPLE_RADIAL 1024 768 5569.441315616471 512 384 0.16041713896249218
96 SIMPLE_RADIAL 1024 768 6110.0651062097077 512 384 0.079651396911127825
97 SIMPLE_RADIAL 1024 768 6113.3575026941571 512 384 0.0074677637710019911
98 SIMPLE_RADIAL 1024 768 6076.0174177796816 512 384 0.035027881143497391
639 SIMPLE_RADIAL 701 1024 1973.0824682692312 350.5 512 0.056084996742344406
115 SIMPLE_RADIAL 1024 768 4157.386860044121 512 384 0.032484402676442578
116 SIMPLE_RADIAL 1024 768 4154.0674059910043 512 384 0.072061877691134993
117 SIMPLE_RADIAL 1024 768 4152.4797044348934 512 384 0.03086976570330888
118 SIMPLE_RADIAL 1024 768 4146.0919011209535 512 384 0.012567137660191277
119 SIMPLE_RADIAL 1024 768 2829.1395506012109 512 384 -0.006838271282954363
120 SIMPLE_RADIAL 1024 768 6431.6098891787606 512 384 -0.014081426743293567
121 SIMPLE_RADIAL 1024 768 6399.6844044711397 512 384 0.014539504242295422
122 SIMPLE_RADIAL 1024 768 4803.6681951391502 512 384 -0.0061603480792196833
124 SIMPLE_RADIAL 1024 768 4760.4724727751736 512 384 0.010139678478283922
581 SIMPLE_RADIAL 1024 701 967.93562301838506 512 350.5 0.032573077711306749
40 SIMPLE_RADIAL 1024 683 811.73797561081403 512 341.5 -0.067957797078071258
67 SIMPLE_RADIAL 1024 683 1485.1790025768375 512 341.5 -0.1145506931884358
126 SIMPLE_RADIAL 1024 768 4743.8520955040549 512 384 0.0079664621107075253
68 SIMPLE_RADIAL 1024 683 1485.2356597301382 512 341.5 -0.1125917351999851
127 SIMPLE_RADIAL 1024 768 4763.2838964082357 512 384 0.043030393479395898
114 SIMPLE_RADIAL 1024 768 4165.1258943373741 512 384 0.014115870912749611
123 SIMPLE_RADIAL 1024 768 4756.1289531045277 512 384 0.046533808530033451
140 SIMPLE_RADIAL 1024 768 1396.7418267876828 512 384 -0.0027739592378699736
654 SIMPLE_RADIAL 701 1024 986.66479062136045 350.5 512 -0.085099089331806627
113 SIMPLE_RADIAL 1024 768 4181.8828142644434 512 384 0.049647337181342774
19 SIMPLE_RADIAL 1024 683 808.25125887699517 512 341.5 -0.083245551788427727
103 SIMPLE_RADIAL 1024 768 6080.4668499846139 512 384 0.085023626337043287
8 SIMPLE_RADIAL 1024 683 811.92500651048465 512 341.5 -0.064422477984699286
549 SIMPLE_RADIAL 1024 700 1731.8251215809642 512 350 -0.10974867053819175
112 SIMPLE_RADIAL 1024 768 5765.0098815606107 512 384 0.068991086035957647
111 SIMPLE_RADIAL 1024 768 5803.4048163089938 512 384 0.0090204763124938532
125 SIMPLE_RADIAL 1024 768 4737.6402019818888 512 384 0.055489600183288017
131 SIMPLE_RADIAL 1024 768 2274.6213892327733 512 384 -0.01845143772908912
4 SIMPLE_RADIAL 1024 683 810.28491312549693 512 341.5 -0.059868056448355904
545 SIMPLE_RADIAL 1024 700 1752.9951111408425 512 350 -0.13448688171037598
108 SIMPLE_RADIAL 1024 768 7917.4033229370407 512 384 -0.029005826302948512
106 SIMPLE_RADIAL 1024 768 3053.0262524596046 512 384 0.0049872266138763811
105 SIMPLE_RADIAL 1024 768 6073.5075102647961 512 384 0.080472741692418859
104 SIMPLE_RADIAL 1024 768 6060.2170250022446 512 384 0.12029360329671429
102 SIMPLE_RADIAL 1024 768 6066.3204809180843 512 384 0.18548769879201513
643 SIMPLE_RADIAL 701 1024 1153.0915115189657 350.5 512 -0.056078984514926149
101 SIMPLE_RADIAL 1024 768 6078.6418825419951 512 384 0.047262031015524245
100 SIMPLE_RADIAL 1024 768 6068.2915074538296 512 384 0.088729997058369384
99 SIMPLE_RADIAL 1024 768 6080.5308816833276 512 384 0.029876402314463354
66 SIMPLE_RADIAL 1024 683 1480.0658688706305 512 341.5 -0.11324174686833768
65 SIMPLE_RADIAL 1024 683 1479.4738928251959 512 341.5 -0.11271224970746695
578 SIMPLE_RADIAL 1024 701 1882.1897525712682 512 350.5 -0.033471469649310699
37 SIMPLE_RADIAL 1024 683 810.29473140136076 512 341.5 -0.064399124925541701
64 SIMPLE_RADIAL 1024 683 1479.3516032693019 512 341.5 -0.11429324628787481
63 SIMPLE_RADIAL 1024 683 1475.3021407765464 512 341.5 -0.099366825806089507
62 SIMPLE_RADIAL 1024 683 1474.3236911739216 512 341.5 -0.099498036989613139
575 SIMPLE_RADIAL 701 1024 1151.8998988679971 350.5 512 -0.10754423464910617
34 SIMPLE_RADIAL 1024 683 809.28118359257155 512 341.5 -0.062448836844122536
61 SIMPLE_RADIAL 1024 683 1469.9102167842595 512 341.5 -0.10108343352582265
60 SIMPLE_RADIAL 1024 683 1473.8085021155566 512 341.5 -0.10235785777265502
29 SIMPLE_RADIAL 1024 683 810.14378046871002 512 341.5 -0.050819749018111163
28 SIMPLE_RADIAL 1024 683 811.37791192242935 512 341.5 -0.058485311370803685
27 SIMPLE_RADIAL 1024 683 811.86432762024435 512 341.5 -0.060228369613975145
26 SIMPLE_RADIAL 1024 683 813.60830381490678 512 341.5 -0.064342925601575868
25 SIMPLE_RADIAL 1024 683 814.50175695241046 512 341.5 -0.07171965865892381
24 SIMPLE_RADIAL 1024 683 812.98916693838441 512 341.5 -0.062601892768972559
23 SIMPLE_RADIAL 1024 683 812.89757684611618 512 341.5 -0.05918560926136162
22 SIMPLE_RADIAL 1024 683 811.33781809769471 512 341.5 -0.06098673057999441
21 SIMPLE_RADIAL 1024 683 815.28873606607692 512 341.5 -0.066437728782442376
20 SIMPLE_RADIAL 1024 683 812.59530983313152 512 341.5 -0.065611424528717099
18 SIMPLE_RADIAL 1024 683 810.51025980351653 512 341.5 -0.069185442597344701
17 SIMPLE_RADIAL 1024 683 811.67091686043148 512 341.5 -0.060054755949581019
16 SIMPLE_RADIAL 1024 683 810.76619112342291 512 341.5 -0.056506272314056999
15 SIMPLE_RADIAL 1024 683 811.80284324658157 512 341.5 -0.061656343857598578
14 SIMPLE_RADIAL 1024 683 811.36057907030158 512 341.5 -0.063885753645509455
555 SIMPLE_RADIAL 1024 700 1685.3729303839002 512 350 -0.14519817610052779
128 SIMPLE_RADIAL 1024 768 2896.862483268083 512 384 0.020327771722874546
1 SIMPLE_RADIAL 1024 683 812.50528616118538 512 341.5 -0.065035715096723679
129 SIMPLE_RADIAL 1024 768 2850.0899561840261 512 384 -0.010090648443437824
2 SIMPLE_RADIAL 1024 683 810.73903496587752 512 341.5 -0.062212082067933182
130 SIMPLE_RADIAL 1024 768 3407.8520561523746 512 384 0.0011570159559761185
3 SIMPLE_RADIAL 1024 683 811.02182519564371 512 341.5 -0.061842141020227386
132 SIMPLE_RADIAL 1024 768 2273.4023585731211 512 384 0.00013262143280366845
5 SIMPLE_RADIAL 1024 683 810.54768082979126 512 341.5 -0.060944585951716333
546 SIMPLE_RADIAL 1024 700 1190.8048660346933 512 350 -0.012668270717597298
133 SIMPLE_RADIAL 1024 768 5396.7355971071256 512 384 0.0033109319836969269
6 SIMPLE_RADIAL 1024 683 810.0275537164465 512 341.5 -0.060392843172101751
547 SIMPLE_RADIAL 700 1024 1125.3217498925137 350 512 0.058476524047114078
7 SIMPLE_RADIAL 1024 683 810.226525876648 512 341.5 -0.058863623144723473
41 SIMPLE_RADIAL 1024 683 811.59224108993601 512 341.5 -0.068170368935451975
9 SIMPLE_RADIAL 1024 683 809.6399553838645 512 341.5 -0.057139530753447
551 SIMPLE_RADIAL 1024 700 1680.8276299969414 512 350 -0.15015053215853685
10 SIMPLE_RADIAL 1024 683 808.0865653706137 512 341.5 -0.045277871351905509
43 SIMPLE_RADIAL 1024 683 811.05398861659864 512 341.5 -0.066432384447871945
38 SIMPLE_RADIAL 1024 683 810.12280012523422 512 341.5 -0.068883757359968587
552 SIMPLE_RADIAL 700 1024 1687.2180087437798 350 512 -0.067543152838245649
11 SIMPLE_RADIAL 1024 683 808.29160119984419 512 341.5 -0.052758639747907884
39 SIMPLE_RADIAL 1024 683 809.4109730949549 512 341.5 -0.057355093091242884
553 SIMPLE_RADIAL 700 1024 1761.407587499074 350 512 -0.12484313941849706
12 SIMPLE_RADIAL 1024 683 811.20138409312767 512 341.5 -0.066573055959890423
13 SIMPLE_RADIAL 1024 683 811.64525011265528 512 341.5 -0.068433228446552377
554 SIMPLE_RADIAL 700 1024 1780.5145863716857 350 512 -0.1121275874906652
30 SIMPLE_RADIAL 1024 683 809.39204905052372 512 341.5 -0.053217507146171281
31 SIMPLE_RADIAL 1024 683 810.18297495455965 512 341.5 -0.057464965664027902
32 SIMPLE_RADIAL 1024 683 809.99744483504378 512 341.5 -0.055273958762570789
33 SIMPLE_RADIAL 1024 683 809.51116896240603 512 341.5 -0.054815750038818167
35 SIMPLE_RADIAL 1024 683 810.51074208666682 512 341.5 -0.056722258087881401
36 SIMPLE_RADIAL 1024 683 810.52306902811688 512 341.5 -0.056841676327084055
42 SIMPLE_RADIAL 1024 683 810.73164704858493 512 341.5 -0.070500584877063469
313 SIMPLE_RADIAL 1024 768 2817.1589209905715 512 384 0.0093655765266908806
854 SIMPLE_RADIAL 1024 576 617.75382797680709 512 288 -0.0014384920982938704
312 SIMPLE_RADIAL 1024 768 2818.8061608191533 512 384 0.0027282631222490944
853 SIMPLE_RADIAL 1024 576 617.88603883175983 512 288 0.0014006315532213052
301 SIMPLE_RADIAL 1024 768 3167.0598503744313 512 384 -0.0081372749763884717
842 SIMPLE_RADIAL 1024 576 612.00720579009555 512 288 0.00027913245018327604
300 SIMPLE_RADIAL 1024 768 3137.4385895565788 512 384 0.012371937274580705
841 SIMPLE_RADIAL 1024 576 612.18462310835378 512 288 -0.0017942443269609802
299 SIMPLE_RADIAL 1024 768 3181.832704960827 512 384 0.016507947496929177
840 SIMPLE_RADIAL 1024 576 611.44401020253997 512 288 -0.0022164575403175227
298 SIMPLE_RADIAL 1024 768 3180.1169298866212 512 384 0.0095787937323696185
839 SIMPLE_RADIAL 1024 576 612.11678962811527 512 288 -0.00028393639623285353
285 SIMPLE_RADIAL 1024 768 4529.2071458367036 512 384 -0.040176740419407352
826 SIMPLE_RADIAL 1024 576 615.53194012512859 512 288 -0.0074353006763283672
284 SIMPLE_RADIAL 1024 768 4509.3870272729682 512 384 0.0087018965645095821
825 SIMPLE_RADIAL 1024 576 615.84344120987475 512 288 -0.007602910350585898
283 SIMPLE_RADIAL 1024 768 4558.3299625022082 512 384 -0.098280526185758499
824 SIMPLE_RADIAL 1024 576 612.78527793312276 512 288 -0.0064044049606067893
282 SIMPLE_RADIAL 1024 768 4495.678564054826 512 384 0.0072812616889414671
823 SIMPLE_RADIAL 1024 576 612.89032825845823 512 288 -0.0058875354771095508
281 SIMPLE_RADIAL 1024 768 4481.2269732231216 512 384 -0.0007485800676290252
822 SIMPLE_RADIAL 1024 576 612.98149415270075 512 288 -0.0058815257028440411
280 SIMPLE_RADIAL 1024 768 4534.5809947520011 512 384 0.02341244875219646
821 SIMPLE_RADIAL 1024 576 612.8989006220138 512 288 -0.0048750726738993446
279 SIMPLE_RADIAL 1024 768 4512.5363711391901 512 384 -0.0039414116308811005
820 SIMPLE_RADIAL 1024 576 613.17312886505351 512 288 -0.0036841362598788031
278 SIMPLE_RADIAL 1024 768 3021.9880971711937 512 384 0.028225751117509558
819 SIMPLE_RADIAL 1024 576 613.46232054248935 512 288 -0.0017620616230422648
277 SIMPLE_RADIAL 1024 768 4679.2639452922676 512 384 0.010136717430626113
818 SIMPLE_RADIAL 1024 576 614.03352380434171 512 288 9.3496393430065518e-05
311 SIMPLE_RADIAL 1024 768 2821.1612924174865 512 384 0.01406374910121967
852 SIMPLE_RADIAL 1024 576 617.99185226886868 512 288 0.0014712583666091261
208 SIMPLE_RADIAL 1024 768 5235.3366479673341 512 384 0.052430137015814941
261 SIMPLE_RADIAL 1024 768 4027.3222556470328 512 384 0.009961376165954116
802 SIMPLE_RADIAL 1024 576 612.69055874219259 512 288 -0.00058864867327476915
310 SIMPLE_RADIAL 1024 768 2817.5220993771804 512 384 -0.00098197518281624625
851 SIMPLE_RADIAL 1024 576 618.07746306466697 512 288 0.00292148947170976
207 SIMPLE_RADIAL 1024 768 5227.5008072692781 512 384 0.04444930832000895
260 SIMPLE_RADIAL 1024 768 4051.3679140308163 512 384 0.011823729172721524
801 SIMPLE_RADIAL 1024 576 612.79302485285393 512 288 -0.001458094772294787
309 SIMPLE_RADIAL 1024 768 1386.5894386120831 512 384 -0.0060982228749322451
850 SIMPLE_RADIAL 1024 576 618.34277612068934 512 288 0.0033676850343170362
206 SIMPLE_RADIAL 1024 768 5312.7403140290153 512 384 0.051219491487716116
259 SIMPLE_RADIAL 1024 768 4050.7844302595904 512 384 -0.00030998624130007752
800 SIMPLE_RADIAL 1024 576 613.30448317762682 512 288 -0.0024048225534043124
308 SIMPLE_RADIAL 1024 768 1386.1255247152096 512 384 -0.011182400132177577
849 SIMPLE_RADIAL 1024 576 619.43348524641465 512 288 0.0019221184863576224
205 SIMPLE_RADIAL 1024 768 5313.2719241487503 512 384 -0.0076689754595545339
258 SIMPLE_RADIAL 1024 768 1699.5996921335475 512 384 0.0050587600113488696
799 SIMPLE_RADIAL 1024 576 613.62441424350504 512 288 -0.0030673229549265362
307 SIMPLE_RADIAL 1024 768 4086.4829537987443 512 384 -0.083806541493413142
848 SIMPLE_RADIAL 1024 576 619.47759048272405 512 288 0.0014923567696571867
204 SIMPLE_RADIAL 1024 768 8004.9044650091901 512 384 0.098856008150118607
306 SIMPLE_RADIAL 1024 768 4161.0633462544556 512 384 0.0049126996988863346
847 SIMPLE_RADIAL 1024 576 619.76795846054404 512 288 0.001129926508786078
203 SIMPLE_RADIAL 1024 768 8009.6156806282015 512 384 0.066769355890200222
305 SIMPLE_RADIAL 1024 768 6689.8350411523679 512 384 0.035354284533551786
846 SIMPLE_RADIAL 1024 576 619.78472863666491 512 288 0.00092025837325799447
202 SIMPLE_RADIAL 1024 768 8003.5576000877336 512 384 0.1572942167460063
304 SIMPLE_RADIAL 1024 768 6495.2098113573284 512 384 -0.36838272775761011
845 SIMPLE_RADIAL 1024 576 620.00657458390651 512 288 0.0006539073928834595
201 SIMPLE_RADIAL 1024 768 8078.0400485436758 512 384 0.034737853586746574
303 SIMPLE_RADIAL 1024 768 1687.2265572795454 512 384 0.0042555358912789833
844 SIMPLE_RADIAL 1024 576 621.28730887966958 512 288 -0.0041434729973550263
200 SIMPLE_RADIAL 1024 768 8029.2858950439631 512 384 -0.14012801261390198
286 SIMPLE_RADIAL 1024 768 2630.5547134656608 512 384 0.00092060824200259088
827 SIMPLE_RADIAL 1024 576 615.21691549565583 512 288 -0.0073627724513393679
287 SIMPLE_RADIAL 1024 768 3487.1146703939589 512 384 -0.0043978090752173323
828 SIMPLE_RADIAL 1024 576 615.00932738669633 512 288 -0.0070623360051493625
288 SIMPLE_RADIAL 1024 768 1570.3378965801887 512 384 -0.0088514473920193702
829 SIMPLE_RADIAL 1024 576 615.17418494497008 512 288 -0.0071317787341230714
292 SIMPLE_RADIAL 1024 768 3440.4993272164438 512 384 -0.0054221358201679785
833 SIMPLE_RADIAL 1024 576 613.93046910765531 512 288 -0.0037157310283745478
289 SIMPLE_RADIAL 1024 768 3500.6623589493465 512 384 -0.0019773651605731464
830 SIMPLE_RADIAL 1024 576 614.5326397604822 512 288 -0.0057683404991084103
302 SIMPLE_RADIAL 1024 768 2508.8640014209832 512 384 -0.0011707344904394173
843 SIMPLE_RADIAL 1024 576 615.71645134092932 512 288 -0.0051842417515007722
199 SIMPLE_RADIAL 1024 768 7887.7050368933424 512 384 -0.078014755744565456
293 SIMPLE_RADIAL 1024 768 3426.1495116344317 512 384 -0.0056844344645258565
834 SIMPLE_RADIAL 1024 576 613.99354039475304 512 288 -0.0030100566477759202
