# Camera list with one line of data per camera:
#   CAMERA_ID, MODEL, WIDTH, HEIGHT, PARAMS[]
# Number of cameras: 110
111 SIMPLE_PINHOLE 768 1024 2146.1253317345881 384 512
110 SIMPLE_PINHOLE 768 1024 727.27783430846591 384 512
109 SIMPLE_PINHOLE 768 1024 743.69094926709761 384 512
108 SIMPLE_PINHOLE 768 1024 740.10298631246985 384 512
107 SIMPLE_PINHOLE 768 1024 743.78021418242656 384 512
106 SIMPLE_PINHOLE 768 1024 388.0619815777668 384 512
105 SIMPLE_PINHOLE 1024 768 693.45642534525155 512 384
104 SIMPLE_PINHOLE 1024 768 2240.5846754166746 512 384
103 SIMPLE_PINHOLE 768 1024 732.76918695365816 384 512
102 SIMPLE_PINHOLE 768 1024 2208.4999320416437 384 512
101 SIMPLE_PINHOLE 768 1024 1377.1298289844772 384 512
100 SIMPLE_PINHOLE 768 1024 699.09653332981441 384 512
99 SIMPLE_PINHOLE 768 1024 693.55859413834048 384 512
98 SIMPLE_PINHOLE 768 1024 10237.299374240631 384 512
97 SIMPLE_PINHOLE 768 1024 2190.8383949684317 384 512
96 SIMPLE_PINHOLE 1024 768 710.03173777009204 512 384
95 SIMPLE_PINHOLE 768 1024 740.49850015167715 384 512
94 SIMPLE_PINHOLE 768 1024 736.62776787862254 384 512
93 SIMPLE_PINHOLE 768 1024 2103.6100916805212 384 512
92 SIMPLE_PINHOLE 768 1024 2237.8528220668068 384 512
91 SIMPLE_PINHOLE 768 1024 2229.0849562929202 384 512
90 SIMPLE_PINHOLE 768 1024 387.40501052687569 384 512
89 SIMPLE_PINHOLE 768 1024 728.74772101435997 384 512
88 SIMPLE_PINHOLE 768 1024 2093.2158648683835 384 512
87 SIMPLE_PINHOLE 768 1024 2201.0387404074986 384 512
86 SIMPLE_PINHOLE 768 1024 730.19709751065477 384 512
85 SIMPLE_PINHOLE 768 1024 689.34959884855948 384 512
84 SIMPLE_PINHOLE 768 1024 685.97348218290415 384 512
83 SIMPLE_PINHOLE 768 1024 687.11961210435538 384 512
82 SIMPLE_PINHOLE 768 1024 735.49305017722418 384 512
81 SIMPLE_PINHOLE 768 1024 681.36449956688068 384 512
80 SIMPLE_PINHOLE 768 1024 737.69169838466496 384 512
79 SIMPLE_PINHOLE 768 1024 2090.4965988845429 384 512
78 SIMPLE_PINHOLE 768 1024 691.98829977499554 384 512
77 SIMPLE_PINHOLE 768 1024 391.84463856947383 384 512
76 SIMPLE_PINHOLE 768 1024 732.22789482521364 384 512
75 SIMPLE_PINHOLE 768 1024 1435.8640318882838 384 512
74 SIMPLE_PINHOLE 768 1024 1453.2078507781216 384 512
73 SIMPLE_PINHOLE 768 1024 730.50463011306954 384 512
72 SIMPLE_PINHOLE 768 1024 2108.9810544417569 384 512
71 SIMPLE_PINHOLE 768 1024 683.69568774858624 384 512
70 SIMPLE_PINHOLE 768 1024 389.46749488347092 384 512
69 SIMPLE_PINHOLE 768 1024 699.07495574107531 384 512
68 SIMPLE_PINHOLE 768 1024 2124.6426717706518 384 512
67 SIMPLE_PINHOLE 768 1024 2158.7558379804709 384 512
66 SIMPLE_PINHOLE 768 1024 701.14420148656018 384 512
65 SIMPLE_PINHOLE 768 1024 712.68526204758803 384 512
64 SIMPLE_PINHOLE 768 1024 714.33349437500181 384 512
63 SIMPLE_PINHOLE 768 1024 717.8241752956975 384 512
62 SIMPLE_PINHOLE 1024 768 401.96703159900625 512 384
61 SIMPLE_PINHOLE 768 1024 757.53431751965149 384 512
29 SIMPLE_PINHOLE 768 1024 1396.7137178462945 384 512
28 SIMPLE_PINHOLE 1024 768 399.51035183309739 512 384
27 SIMPLE_PINHOLE 1024 768 1378.3320841184595 512 384
26 SIMPLE_PINHOLE 768 1024 2182.8487847698148 384 512
25 SIMPLE_PINHOLE 768 1024 2237.5516569621213 384 512
24 SIMPLE_PINHOLE 768 1024 1408.2245532435304 384 512
23 SIMPLE_PINHOLE 768 1024 697.01513149923142 384 512
22 SIMPLE_PINHOLE 1024 768 397.3319425761461 512 384
21 SIMPLE_PINHOLE 768 1024 741.04454734398178 384 512
20 SIMPLE_PINHOLE 768 1024 739.12762102585316 384 512
19 SIMPLE_PINHOLE 1024 768 2239.8837409003531 512 384
18 SIMPLE_PINHOLE 768 1024 2221.2037023762787 384 512
17 SIMPLE_PINHOLE 768 1024 1380.0981119983494 384 512
16 SIMPLE_PINHOLE 768 1024 394.14211637546651 384 512
15 SIMPLE_PINHOLE 768 1024 2172.6061308863468 384 512
14 SIMPLE_PINHOLE 768 1024 2201.7083194528823 384 512
1 SIMPLE_PINHOLE 1024 768 688.13270087435956 512 384
60 SIMPLE_PINHOLE 768 1024 2260.6773960232076 384 512
2 SIMPLE_PINHOLE 1024 768 735.10824269342265 512 384
3 SIMPLE_PINHOLE 768 1024 392.56179261338275 384 512
4 SIMPLE_PINHOLE 768 1024 684.42852514196568 384 512
5 SIMPLE_PINHOLE 768 1024 386.51139317515458 384 512
6 SIMPLE_PINHOLE 768 1024 738.28965501443952 384 512
7 SIMPLE_PINHOLE 1024 768 698.84898159424745 512 384
8 SIMPLE_PINHOLE 768 1024 2164.6993031995917 384 512
9 SIMPLE_PINHOLE 768 1024 2185.9849511394132 384 512
10 SIMPLE_PINHOLE 768 1024 1360.9282397460088 384 512
11 SIMPLE_PINHOLE 768 1024 2209.8841784185324 384 512
12 SIMPLE_PINHOLE 768 1024 2237.8220923527538 384 512
13 SIMPLE_PINHOLE 768 1024 2215.9982221589562 384 512
30 SIMPLE_PINHOLE 768 1024 2219.7287293358049 384 512
31 SIMPLE_PINHOLE 768 1024 2206.6242084953265 384 512
32 SIMPLE_PINHOLE 768 1024 699.42978559810513 384 512
33 SIMPLE_PINHOLE 768 1024 684.20967067490824 384 512
34 SIMPLE_PINHOLE 768 1024 759.42330038448381 384 512
35 SIMPLE_PINHOLE 1024 768 710.02971105416168 512 384
37 SIMPLE_PINHOLE 768 1024 2219.1707687417752 384 512
38 SIMPLE_PINHOLE 1024 768 403.45668686083962 512 384
39 SIMPLE_PINHOLE 768 1024 701.21144796908857 384 512
40 SIMPLE_PINHOLE 1024 768 401.28953241411978 512 384
41 SIMPLE_PINHOLE 1024 768 1245.1701477678371 512 384
42 SIMPLE_PINHOLE 1024 768 1254.1567697566788 512 384
43 SIMPLE_PINHOLE 1024 768 1253.0307256960327 512 384
44 SIMPLE_PINHOLE 768 1024 753.76013524359109 384 512
45 SIMPLE_PINHOLE 1024 768 401.68404478196993 512 384
46 SIMPLE_PINHOLE 768 1024 1236.8455596843867 384 512
47 SIMPLE_PINHOLE 768 1024 1256.1153359591781 384 512
48 SIMPLE_PINHOLE 768 1024 759.350130815787 384 512
49 SIMPLE_PINHOLE 768 1024 697.502735783199 384 512
50 SIMPLE_PINHOLE 768 1024 698.55944231600449 384 512
51 SIMPLE_PINHOLE 768 1024 697.34493025234974 384 512
52 SIMPLE_PINHOLE 768 1024 2226.5917873392245 384 512
53 SIMPLE_PINHOLE 768 1024 2235.0607650432562 384 512
54 SIMPLE_PINHOLE 768 1024 752.71748441305317 384 512
55 SIMPLE_PINHOLE 768 1024 715.25672461798695 384 512
56 SIMPLE_PINHOLE 768 1024 406.45164211675541 384 512
57 SIMPLE_PINHOLE 1024 768 405.23868649367375 512 384
58 SIMPLE_PINHOLE 768 1024 2258.4421150889939 384 512
59 SIMPLE_PINHOLE 768 1024 2165.5804546971781 384 512
