# Camera list with one line of data per camera:
#   CAMERA_ID, MODEL, WIDTH, HEIGHT, PARAMS[]
# Number of cameras: 1117
1148 SIMPLE_PINHOLE 576 1024 886.24831942147409 288 512
1147 SIMPLE_PINHOLE 576 1024 885.53943101746256 288 512
1146 SIMPLE_PINHOLE 576 1024 880.81336997122639 288 512
1145 SIMPLE_PINHOLE 576 1024 893.45216762761959 288 512
1144 SIMPLE_PINHOLE 576 1024 902.10546521268793 288 512
1143 SIMPLE_PINHOLE 576 1024 890.53743055077007 288 512
1142 SIMPLE_PINHOLE 576 1024 892.29831423988958 288 512
1141 SIMPLE_PINHOLE 576 1024 888.32104010164107 288 512
541 SIMPLE_PINHOLE 576 1024 889.41959406292233 288 512
540 SIMPLE_PINHOLE 576 1024 896.73367858851771 288 512
539 SIMPLE_PINHOLE 576 1024 894.83044205664623 288 512
538 SIMPLE_PINHOLE 576 1024 895.70399535568959 288 512
537 SIMPLE_PINHOLE 576 1024 893.99978400784755 288 512
536 SIMPLE_PINHOLE 576 1024 893.84027839920361 288 512
535 SIMPLE_PINHOLE 576 1024 895.54002339671854 288 512
534 SIMPLE_PINHOLE 576 1024 896.31070714472844 288 512
533 SIMPLE_PINHOLE 576 1024 898.69481770324921 288 512
532 SIMPLE_PINHOLE 576 1024 894.28472464455035 288 512
531 SIMPLE_PINHOLE 576 1024 900.6262337180375 288 512
530 SIMPLE_PINHOLE 576 1024 899.06664420614345 288 512
529 SIMPLE_PINHOLE 576 1024 904.52513158026261 288 512
528 SIMPLE_PINHOLE 576 1024 902.6859795558031 288 512
527 SIMPLE_PINHOLE 576 1024 901.95043497489087 288 512
526 SIMPLE_PINHOLE 576 1024 898.55793865752514 288 512
525 SIMPLE_PINHOLE 576 1024 899.74348704640988 288 512
524 SIMPLE_PINHOLE 576 1024 899.52095445180612 288 512
523 SIMPLE_PINHOLE 576 1024 901.38062087177764 288 512
522 SIMPLE_PINHOLE 576 1024 899.87813514928246 288 512
521 SIMPLE_PINHOLE 576 1024 902.00528104691307 288 512
520 SIMPLE_PINHOLE 576 1024 901.43079134770107 288 512
519 SIMPLE_PINHOLE 576 1024 899.5022085573512 288 512
518 SIMPLE_PINHOLE 576 1024 901.76639749558819 288 512
517 SIMPLE_PINHOLE 576 1024 898.86848737129992 288 512
516 SIMPLE_PINHOLE 576 1024 898.50756817449326 288 512
515 SIMPLE_PINHOLE 576 1024 896.46724603356472 288 512
514 SIMPLE_PINHOLE 576 1024 895.73810138008287 288 512
513 SIMPLE_PINHOLE 576 1024 896.96503755087269 288 512
512 SIMPLE_PINHOLE 576 1024 892.96186609209678 288 512
511 SIMPLE_PINHOLE 576 1024 894.66044457937846 288 512
510 SIMPLE_PINHOLE 576 1024 893.11758382282324 288 512
509 SIMPLE_PINHOLE 576 1024 895.86192909238196 288 512
508 SIMPLE_PINHOLE 576 1024 894.36564384485689 288 512
507 SIMPLE_PINHOLE 576 1024 897.28448189547589 288 512
506 SIMPLE_PINHOLE 576 1024 898.13111557039861 288 512
505 SIMPLE_PINHOLE 576 1024 896.11026524281885 288 512
504 SIMPLE_PINHOLE 576 1024 900.22603695123837 288 512
503 SIMPLE_PINHOLE 576 1024 894.32449811141726 288 512
502 SIMPLE_PINHOLE 576 1024 897.09374805884295 288 512
501 SIMPLE_PINHOLE 576 1024 897.79830371256742 288 512
500 SIMPLE_PINHOLE 576 1024 896.49284971969337 288 512
499 SIMPLE_PINHOLE 576 1024 896.05360944527411 288 512
498 SIMPLE_PINHOLE 576 1024 900.05590722502041 288 512
497 SIMPLE_PINHOLE 576 1024 895.15074019382212 288 512
496 SIMPLE_PINHOLE 576 1024 896.75563544508248 288 512
495 SIMPLE_PINHOLE 576 1024 893.1709713388301 288 512
494 SIMPLE_PINHOLE 576 1024 893.91978744769676 288 512
493 SIMPLE_PINHOLE 576 1024 893.57901947192659 288 512
492 SIMPLE_PINHOLE 576 1024 896.99981941652231 288 512
491 SIMPLE_PINHOLE 576 1024 897.01010992683439 288 512
490 SIMPLE_PINHOLE 576 1024 906.15790163670192 288 512
489 SIMPLE_PINHOLE 576 1024 915.24268490867655 288 512
488 SIMPLE_PINHOLE 576 1024 912.59028547548598 288 512
487 SIMPLE_PINHOLE 576 1024 913.05116378303012 288 512
486 SIMPLE_PINHOLE 576 1024 904.93898700987381 288 512
485 SIMPLE_PINHOLE 576 1024 902.46224855313847 288 512
484 SIMPLE_PINHOLE 576 1024 909.31598462510465 288 512
483 SIMPLE_PINHOLE 576 1024 909.19286463164008 288 512
482 SIMPLE_PINHOLE 576 1024 900.76099666472601 288 512
481 SIMPLE_PINHOLE 576 1024 902.59500169841283 288 512
480 SIMPLE_PINHOLE 576 1024 897.57029436324535 288 512
479 SIMPLE_PINHOLE 576 1024 898.29114756522063 288 512
478 SIMPLE_PINHOLE 576 1024 896.47219495764352 288 512
477 SIMPLE_PINHOLE 576 1024 903.57876456690587 288 512
476 SIMPLE_PINHOLE 576 1024 899.99386611633497 288 512
475 SIMPLE_PINHOLE 576 1024 901.06321593249913 288 512
474 SIMPLE_PINHOLE 576 1024 899.92739176735279 288 512
473 SIMPLE_PINHOLE 576 1024 901.13884705035423 288 512
472 SIMPLE_PINHOLE 576 1024 898.92378880132685 288 512
471 SIMPLE_PINHOLE 576 1024 898.5586014990381 288 512
470 SIMPLE_PINHOLE 576 1024 894.24490480478812 288 512
469 SIMPLE_PINHOLE 576 1024 895.86491776856496 288 512
468 SIMPLE_PINHOLE 576 1024 896.98540587121818 288 512
467 SIMPLE_PINHOLE 576 1024 901.79629977411798 288 512
466 SIMPLE_PINHOLE 576 1024 898.92524892423774 288 512
465 SIMPLE_PINHOLE 576 1024 902.28237363109349 288 512
464 SIMPLE_PINHOLE 576 1024 903.38642976240794 288 512
463 SIMPLE_PINHOLE 576 1024 903.02076156988574 288 512
462 SIMPLE_PINHOLE 576 1024 907.82855355637457 288 512
461 SIMPLE_PINHOLE 576 1024 906.90760280715585 288 512
460 SIMPLE_PINHOLE 576 1024 906.09794317780813 288 512
459 SIMPLE_PINHOLE 576 1024 902.5869216855408 288 512
458 SIMPLE_PINHOLE 576 1024 906.0623315063616 288 512
457 SIMPLE_PINHOLE 576 1024 907.88430844122081 288 512
456 SIMPLE_PINHOLE 576 1024 477.91982355727026 288 512
455 SIMPLE_PINHOLE 576 1024 478.21297157671444 288 512
454 SIMPLE_PINHOLE 576 1024 477.55669480153222 288 512
453 SIMPLE_PINHOLE 576 1024 476.54606346626565 288 512
452 SIMPLE_PINHOLE 576 1024 476.07275351534389 288 512
451 SIMPLE_PINHOLE 576 1024 477.06836284019948 288 512
450 SIMPLE_PINHOLE 576 1024 475.63445546723534 288 512
449 SIMPLE_PINHOLE 576 1024 475.96108521313954 288 512
448 SIMPLE_PINHOLE 576 1024 476.04761518591198 288 512
447 SIMPLE_PINHOLE 576 1024 476.08949353485667 288 512
446 SIMPLE_PINHOLE 576 1024 476.07835602083918 288 512
445 SIMPLE_PINHOLE 576 1024 476.09290424791487 288 512
444 SIMPLE_PINHOLE 576 1024 477.54139925784312 288 512
443 SIMPLE_PINHOLE 576 1024 476.88858004064912 288 512
442 SIMPLE_PINHOLE 576 1024 476.89576589030679 288 512
441 SIMPLE_PINHOLE 576 1024 476.85210465687823 288 512
440 SIMPLE_PINHOLE 576 1024 476.34558284604924 288 512
439 SIMPLE_PINHOLE 576 1024 477.38101170205863 288 512
438 SIMPLE_PINHOLE 576 1024 474.54718372604884 288 512
437 SIMPLE_PINHOLE 576 1024 474.51271235044874 288 512
436 SIMPLE_PINHOLE 576 1024 475.07912009788987 288 512
435 SIMPLE_PINHOLE 576 1024 475.5758063248054 288 512
434 SIMPLE_PINHOLE 576 1024 476.53513079978683 288 512
433 SIMPLE_PINHOLE 576 1024 476.32420490017148 288 512
432 SIMPLE_PINHOLE 576 1024 476.17373489064568 288 512
431 SIMPLE_PINHOLE 576 1024 476.25354751986822 288 512
430 SIMPLE_PINHOLE 576 1024 478.39161997087916 288 512
429 SIMPLE_PINHOLE 576 1024 476.77867241699795 288 512
428 SIMPLE_PINHOLE 576 1024 476.68075409738861 288 512
427 SIMPLE_PINHOLE 576 1024 476.32481957635861 288 512
426 SIMPLE_PINHOLE 576 1024 476.03429435270829 288 512
425 SIMPLE_PINHOLE 576 1024 474.55167469477698 288 512
424 SIMPLE_PINHOLE 576 1024 474.95414673670058 288 512
423 SIMPLE_PINHOLE 576 1024 476.08016033398962 288 512
422 SIMPLE_PINHOLE 576 1024 477.96867322121432 288 512
421 SIMPLE_PINHOLE 576 1024 478.77142853358657 288 512
420 SIMPLE_PINHOLE 576 1024 479.23760383522921 288 512
419 SIMPLE_PINHOLE 576 1024 477.61778342633494 288 512
418 SIMPLE_PINHOLE 576 1024 477.61669645825225 288 512
417 SIMPLE_PINHOLE 576 1024 476.40524016256296 288 512
416 SIMPLE_PINHOLE 576 1024 475.93300320459417 288 512
415 SIMPLE_PINHOLE 576 1024 475.54850040941022 288 512
414 SIMPLE_PINHOLE 576 1024 477.61767020009989 288 512
413 SIMPLE_PINHOLE 576 1024 476.83970526731923 288 512
412 SIMPLE_PINHOLE 576 1024 476.70667442929795 288 512
411 SIMPLE_PINHOLE 576 1024 475.67140678865417 288 512
410 SIMPLE_PINHOLE 576 1024 475.52816706667994 288 512
409 SIMPLE_PINHOLE 576 1024 476.83851723931758 288 512
408 SIMPLE_PINHOLE 576 1024 476.46689450149967 288 512
407 SIMPLE_PINHOLE 576 1024 477.25401014382282 288 512
406 SIMPLE_PINHOLE 576 1024 477.34858426545003 288 512
405 SIMPLE_PINHOLE 576 1024 477.09898987421923 288 512
404 SIMPLE_PINHOLE 576 1024 476.57816026726448 288 512
403 SIMPLE_PINHOLE 576 1024 476.54893082552036 288 512
402 SIMPLE_PINHOLE 576 1024 476.00317392969328 288 512
401 SIMPLE_PINHOLE 576 1024 476.13875112132291 288 512
400 SIMPLE_PINHOLE 576 1024 475.67932069784268 288 512
399 SIMPLE_PINHOLE 576 1024 477.50483561450045 288 512
398 SIMPLE_PINHOLE 576 1024 479.13150877784062 288 512
397 SIMPLE_PINHOLE 576 1024 477.74185729686826 288 512
396 SIMPLE_PINHOLE 576 1024 480.6990097178288 288 512
395 SIMPLE_PINHOLE 576 1024 484.08629403247255 288 512
394 SIMPLE_PINHOLE 576 1024 480.15945297810623 288 512
393 SIMPLE_PINHOLE 576 1024 474.26009388631439 288 512
392 SIMPLE_PINHOLE 576 1024 474.33432833616212 288 512
391 SIMPLE_PINHOLE 576 1024 474.33452866786729 288 512
390 SIMPLE_PINHOLE 576 1024 474.54714387441931 288 512
389 SIMPLE_PINHOLE 576 1024 475.48146476972374 288 512
388 SIMPLE_PINHOLE 576 1024 475.80934688550718 288 512
387 SIMPLE_PINHOLE 576 1024 475.55319971659048 288 512
386 SIMPLE_PINHOLE 576 1024 475.59572126888986 288 512
385 SIMPLE_PINHOLE 576 1024 474.90053005215117 288 512
384 SIMPLE_PINHOLE 576 1024 474.89663465292426 288 512
383 SIMPLE_PINHOLE 576 1024 474.81019639671445 288 512
382 SIMPLE_PINHOLE 576 1024 475.06087849240907 288 512
381 SIMPLE_PINHOLE 576 1024 474.61037319043703 288 512
380 SIMPLE_PINHOLE 576 1024 474.86006900001661 288 512
379 SIMPLE_PINHOLE 576 1024 474.68479533414154 288 512
378 SIMPLE_PINHOLE 576 1024 475.09006879698239 288 512
377 SIMPLE_PINHOLE 576 1024 474.83730167048861 288 512
376 SIMPLE_PINHOLE 576 1024 474.19933751192224 288 512
375 SIMPLE_PINHOLE 576 1024 475.61225585008748 288 512
374 SIMPLE_PINHOLE 576 1024 475.32609386126404 288 512
373 SIMPLE_PINHOLE 576 1024 475.92428728329941 288 512
372 SIMPLE_PINHOLE 576 1024 475.49381912196486 288 512
371 SIMPLE_PINHOLE 576 1024 476.11903284225014 288 512
370 SIMPLE_PINHOLE 580 1024 475.23488861080091 290 512
369 SIMPLE_PINHOLE 580 1024 475.53870177070155 290 512
368 SIMPLE_PINHOLE 580 1024 475.29086859734218 290 512
367 SIMPLE_PINHOLE 580 1024 473.56017765668099 290 512
366 SIMPLE_PINHOLE 580 1024 477.99337457673033 290 512
365 SIMPLE_PINHOLE 580 1024 477.27684764914744 290 512
364 SIMPLE_PINHOLE 580 1024 476.1004756458936 290 512
363 SIMPLE_PINHOLE 580 1024 475.99845120272306 290 512
362 SIMPLE_PINHOLE 580 1024 475.97096013019524 290 512
361 SIMPLE_PINHOLE 580 1024 475.9976828753891 290 512
360 SIMPLE_PINHOLE 580 1024 475.74011770753992 290 512
359 SIMPLE_PINHOLE 580 1024 475.92737428732869 290 512
358 SIMPLE_PINHOLE 580 1024 898.33141031556761 290 512
357 SIMPLE_PINHOLE 580 1024 898.51244508403772 290 512
356 SIMPLE_PINHOLE 580 1024 896.1915232918742 290 512
355 SIMPLE_PINHOLE 580 1024 898.52198446247701 290 512
354 SIMPLE_PINHOLE 580 1024 896.74820044656485 290 512
353 SIMPLE_PINHOLE 580 1024 893.66423904647706 290 512
352 SIMPLE_PINHOLE 580 1024 895.78609191507246 290 512
351 SIMPLE_PINHOLE 580 1024 889.69442073488631 290 512
350 SIMPLE_PINHOLE 580 1024 893.03082903142797 290 512
349 SIMPLE_PINHOLE 580 1024 892.69132080152394 290 512
348 SIMPLE_PINHOLE 580 1024 899.9163973502466 290 512
347 SIMPLE_PINHOLE 580 1024 902.39772016240772 290 512
346 SIMPLE_PINHOLE 580 1024 895.21714421648142 290 512
345 SIMPLE_PINHOLE 580 1024 892.96497373138493 290 512
344 SIMPLE_PINHOLE 580 1024 898.06015611090402 290 512
343 SIMPLE_PINHOLE 580 1024 896.57477501936694 290 512
342 SIMPLE_PINHOLE 580 1024 895.49972130127207 290 512
341 SIMPLE_PINHOLE 580 1024 895.99250341743084 290 512
340 SIMPLE_PINHOLE 580 1024 906.73836426926891 290 512
339 SIMPLE_PINHOLE 580 1024 902.45824988329196 290 512
338 SIMPLE_PINHOLE 580 1024 900.98860441234035 290 512
337 SIMPLE_PINHOLE 580 1024 901.04359272090403 290 512
336 SIMPLE_PINHOLE 580 1024 898.0174364556492 290 512
335 SIMPLE_PINHOLE 580 1024 897.15957102430082 290 512
334 SIMPLE_PINHOLE 580 1024 899.85480706800195 290 512
333 SIMPLE_PINHOLE 580 1024 898.48029010440996 290 512
332 SIMPLE_PINHOLE 580 1024 896.56391385124698 290 512
331 SIMPLE_PINHOLE 580 1024 900.52038659242521 290 512
330 SIMPLE_PINHOLE 580 1024 901.30268714079648 290 512
329 SIMPLE_PINHOLE 580 1024 903.2151200567771 290 512
328 SIMPLE_PINHOLE 580 1024 478.2326398947551 290 512
327 SIMPLE_PINHOLE 580 1024 476.83251259293576 290 512
326 SIMPLE_PINHOLE 580 1024 476.9012115985899 290 512
325 SIMPLE_PINHOLE 580 1024 474.15711507255907 290 512
324 SIMPLE_PINHOLE 580 1024 475.32929010521684 290 512
323 SIMPLE_PINHOLE 580 1024 475.43098726902326 290 512
322 SIMPLE_PINHOLE 580 1024 476.05675140032474 290 512
321 SIMPLE_PINHOLE 580 1024 477.47965473300746 290 512
320 SIMPLE_PINHOLE 580 1024 476.42281612901638 290 512
319 SIMPLE_PINHOLE 580 1024 477.56919994473191 290 512
318 SIMPLE_PINHOLE 580 1024 476.47308200968399 290 512
317 SIMPLE_PINHOLE 580 1024 475.68914518824164 290 512
316 SIMPLE_PINHOLE 580 1024 479.16474882344841 290 512
315 SIMPLE_PINHOLE 580 1024 474.30231082276845 290 512
314 SIMPLE_PINHOLE 580 1024 473.38489821504078 290 512
313 SIMPLE_PINHOLE 580 1024 474.88863415595512 290 512
312 SIMPLE_PINHOLE 580 1024 475.23502655333709 290 512
311 SIMPLE_PINHOLE 580 1024 474.86049741375734 290 512
310 SIMPLE_PINHOLE 580 1024 475.3714882761758 290 512
309 SIMPLE_PINHOLE 580 1024 475.70777910878286 290 512
308 SIMPLE_PINHOLE 580 1024 475.84419047558475 290 512
307 SIMPLE_PINHOLE 1024 768 1417.0574945241685 512 384
306 SIMPLE_PINHOLE 1024 768 409.53536803846765 512 384
305 SIMPLE_PINHOLE 1024 768 409.00774870974851 512 384
304 SIMPLE_PINHOLE 1024 768 1424.4965444548698 512 384
303 SIMPLE_PINHOLE 1024 768 2282.9040422405888 512 384
302 SIMPLE_PINHOLE 1024 768 2296.7138292757313 512 384
301 SIMPLE_PINHOLE 1024 768 2285.7487406080968 512 384
300 SIMPLE_PINHOLE 1024 768 2298.8519922329015 512 384
299 SIMPLE_PINHOLE 1024 768 1431.4763909411829 512 384
298 SIMPLE_PINHOLE 1024 768 717.03199449979672 512 384
297 SIMPLE_PINHOLE 1024 768 720.20452431785054 512 384
296 SIMPLE_PINHOLE 1024 768 720.1956034211405 512 384
295 SIMPLE_PINHOLE 1024 768 720.13914103986792 512 384
294 SIMPLE_PINHOLE 1024 768 722.21856755675196 512 384
293 SIMPLE_PINHOLE 768 1024 923.68100905904998 384 512
291 SIMPLE_PINHOLE 768 1024 2147.3608068892613 384 512
290 SIMPLE_PINHOLE 768 1024 2052.0264506488511 384 512
289 SIMPLE_PINHOLE 768 1024 1223.1615706830955 384 512
288 SIMPLE_PINHOLE 1024 768 1565.0688923436167 512 384
287 SIMPLE_PINHOLE 1024 768 827.66836472194893 512 384
286 SIMPLE_PINHOLE 1024 768 587.51606432083031 512 384
285 SIMPLE_PINHOLE 1024 768 1152.9139045852032 512 384
284 SIMPLE_PINHOLE 1024 768 1797.5462840890521 512 384
283 SIMPLE_PINHOLE 1024 768 1893.2302629889771 512 384
282 SIMPLE_PINHOLE 768 1024 2296.9900975723172 384 512
281 SIMPLE_PINHOLE 768 1024 627.76976210468104 384 512
280 SIMPLE_PINHOLE 768 1024 1523.3461694167199 384 512
279 SIMPLE_PINHOLE 1024 768 624.16925696385135 512 384
276 SIMPLE_PINHOLE 768 1024 711.43204972002547 384 512
275 SIMPLE_PINHOLE 768 1024 716.16235661440214 384 512
274 SIMPLE_PINHOLE 768 1024 728.33604309350937 384 512
271 SIMPLE_PINHOLE 768 1024 733.35810752444615 384 512
270 SIMPLE_PINHOLE 768 1024 730.9985324760562 384 512
269 SIMPLE_PINHOLE 768 1024 727.55650292985354 384 512
268 SIMPLE_PINHOLE 768 1024 729.04280483278183 384 512
267 SIMPLE_PINHOLE 768 1024 729.73057729582297 384 512
266 SIMPLE_PINHOLE 768 1024 735.87234681784207 384 512
265 SIMPLE_PINHOLE 768 1024 740.35870956913993 384 512
264 SIMPLE_PINHOLE 768 1024 732.53279417559509 384 512
263 SIMPLE_PINHOLE 768 1024 737.13838129038879 384 512
127 SIMPLE_PINHOLE 768 1024 2288.1547357259938 384 512
126 SIMPLE_PINHOLE 768 1024 2290.9326360957148 384 512
125 SIMPLE_PINHOLE 768 1024 724.46679497986634 384 512
124 SIMPLE_PINHOLE 768 1024 1426.4880049195135 384 512
123 SIMPLE_PINHOLE 768 1024 2235.9168547143549 384 512
122 SIMPLE_PINHOLE 768 1024 1405.0799195979162 384 512
121 SIMPLE_PINHOLE 768 1024 1404.054354904333 384 512
120 SIMPLE_PINHOLE 768 1024 935.55719587544456 384 512
119 SIMPLE_PINHOLE 768 1024 712.96670588672237 384 512
118 SIMPLE_PINHOLE 768 1024 710.21815997669341 384 512
117 SIMPLE_PINHOLE 768 1024 2277.1706563554371 384 512
116 SIMPLE_PINHOLE 768 1024 2265.6123784345386 384 512
115 SIMPLE_PINHOLE 768 1024 2261.4265589603506 384 512
114 SIMPLE_PINHOLE 768 1024 2779.0746550461995 384 512
113 SIMPLE_PINHOLE 768 1024 706.17983205864266 384 512
112 SIMPLE_PINHOLE 768 1024 708.2535878048169 384 512
111 SIMPLE_PINHOLE 768 1024 2255.7294485091215 384 512
110 SIMPLE_PINHOLE 768 1024 2234.6449705965924 384 512
109 SIMPLE_PINHOLE 768 1024 2236.2890486636143 384 512
108 SIMPLE_PINHOLE 768 1024 2299.0259459619469 384 512
107 SIMPLE_PINHOLE 768 1024 1418.7294890053092 384 512
106 SIMPLE_PINHOLE 768 1024 707.03319433428737 384 512
105 SIMPLE_PINHOLE 768 1024 712.82312380315977 384 512
104 SIMPLE_PINHOLE 768 1024 708.18265544170981 384 512
103 SIMPLE_PINHOLE 768 1024 710.04827340774079 384 512
102 SIMPLE_PINHOLE 768 1024 717.94782121816581 384 512
101 SIMPLE_PINHOLE 768 1024 713.27464506290755 384 512
100 SIMPLE_PINHOLE 768 1024 717.11040189092091 384 512
99 SIMPLE_PINHOLE 576 1024 888.79303538168176 288 512
98 SIMPLE_PINHOLE 576 1024 891.12646223025672 288 512
97 SIMPLE_PINHOLE 576 1024 894.78160194972315 288 512
96 SIMPLE_PINHOLE 576 1024 888.26256947067759 288 512
95 SIMPLE_PINHOLE 576 1024 891.61428046907952 288 512
94 SIMPLE_PINHOLE 576 1024 892.7838997493626 288 512
93 SIMPLE_PINHOLE 576 1024 892.55020241194791 288 512
92 SIMPLE_PINHOLE 576 1024 892.26066991301411 288 512
91 SIMPLE_PINHOLE 576 1024 895.9679068437548 288 512
90 SIMPLE_PINHOLE 576 1024 893.37898304779674 288 512
89 SIMPLE_PINHOLE 576 1024 898.596997671434 288 512
88 SIMPLE_PINHOLE 576 1024 899.26966125458068 288 512
87 SIMPLE_PINHOLE 576 1024 901.5542675249178 288 512
86 SIMPLE_PINHOLE 576 1024 905.93739696738908 288 512
85 SIMPLE_PINHOLE 576 1024 902.68016419551975 288 512
84 SIMPLE_PINHOLE 576 1024 886.95245240505812 288 512
83 SIMPLE_PINHOLE 576 1024 887.99953582503872 288 512
82 SIMPLE_PINHOLE 576 1024 886.86435402614347 288 512
81 SIMPLE_PINHOLE 576 1024 889.84048621017314 288 512
80 SIMPLE_PINHOLE 576 1024 887.70783297201365 288 512
79 SIMPLE_PINHOLE 576 1024 888.93652368326684 288 512
78 SIMPLE_PINHOLE 576 1024 892.79034977403114 288 512
77 SIMPLE_PINHOLE 576 1024 887.93911554867657 288 512
76 SIMPLE_PINHOLE 576 1024 887.58128955594157 288 512
75 SIMPLE_PINHOLE 576 1024 891.32796076498403 288 512
74 SIMPLE_PINHOLE 576 1024 883.37043823731346 288 512
73 SIMPLE_PINHOLE 576 1024 884.66127206922681 288 512
72 SIMPLE_PINHOLE 576 1024 886.1358602583075 288 512
71 SIMPLE_PINHOLE 576 1024 888.11143684476622 288 512
70 SIMPLE_PINHOLE 576 1024 885.40787107068638 288 512
69 SIMPLE_PINHOLE 576 1024 887.60092642382233 288 512
68 SIMPLE_PINHOLE 576 1024 890.46548233138367 288 512
67 SIMPLE_PINHOLE 576 1024 885.31598233390082 288 512
66 SIMPLE_PINHOLE 576 1024 889.37552503972199 288 512
65 SIMPLE_PINHOLE 576 1024 894.19184055629887 288 512
64 SIMPLE_PINHOLE 576 1024 897.78734123693766 288 512
63 SIMPLE_PINHOLE 576 1024 901.03580340908672 288 512
62 SIMPLE_PINHOLE 576 1024 902.77521213970283 288 512
61 SIMPLE_PINHOLE 576 1024 894.16506716434446 288 512
60 SIMPLE_PINHOLE 576 1024 887.97353610676691 288 512
29 SIMPLE_PINHOLE 576 1024 878.27484271885396 288 512
1138 SIMPLE_PINHOLE 576 1024 890.74282563373288 288 512
28 SIMPLE_PINHOLE 576 1024 882.27456700110042 288 512
1137 SIMPLE_PINHOLE 576 1024 896.22363747798386 288 512
27 SIMPLE_PINHOLE 576 1024 881.0909742226753 288 512
1136 SIMPLE_PINHOLE 576 1024 881.34375815804992 288 512
26 SIMPLE_PINHOLE 576 1024 880.2302346020432 288 512
25 SIMPLE_PINHOLE 576 1024 881.08464135612712 288 512
1134 SIMPLE_PINHOLE 576 1024 885.57636103390894 288 512
24 SIMPLE_PINHOLE 576 1024 880.90211637575703 288 512
1133 SIMPLE_PINHOLE 576 1024 891.25007426981961 288 512
23 SIMPLE_PINHOLE 576 1024 881.01987917232827 288 512
1132 SIMPLE_PINHOLE 576 1024 882.46679773739447 288 512
22 SIMPLE_PINHOLE 576 1024 881.70061387323108 288 512
1131 SIMPLE_PINHOLE 576 1024 892.31201672837881 288 512
21 SIMPLE_PINHOLE 576 1024 879.09190645122806 288 512
1130 SIMPLE_PINHOLE 576 1024 868.40444098946284 288 512
20 SIMPLE_PINHOLE 576 1024 882.80366402347158 288 512
1129 SIMPLE_PINHOLE 576 1024 881.81843978899428 288 512
19 SIMPLE_PINHOLE 576 1024 885.77719952436883 288 512
1128 SIMPLE_PINHOLE 576 1024 891.16758971921422 288 512
18 SIMPLE_PINHOLE 576 1024 884.10516831912321 288 512
1127 SIMPLE_PINHOLE 576 1024 888.0229495523763 288 512
17 SIMPLE_PINHOLE 576 1024 882.32698497340755 288 512
1126 SIMPLE_PINHOLE 576 1024 898.69148956797119 288 512
16 SIMPLE_PINHOLE 576 1024 884.66653756136179 288 512
1125 SIMPLE_PINHOLE 576 1024 892.15883273312249 288 512
15 SIMPLE_PINHOLE 576 1024 880.40065715900016 288 512
1124 SIMPLE_PINHOLE 576 1024 885.19901280126192 288 512
14 SIMPLE_PINHOLE 576 1024 881.96255811668925 288 512
1123 SIMPLE_PINHOLE 576 1024 892.31223294224401 288 512
542 SIMPLE_PINHOLE 576 1024 898.91764983673977 288 512
1 SIMPLE_PINHOLE 576 1024 882.74123006634238 288 512
1110 SIMPLE_PINHOLE 576 1024 892.09514871142881 288 512
258 SIMPLE_PINHOLE 768 1024 723.68116647922761 384 512
543 SIMPLE_PINHOLE 576 1024 896.81584621690126 288 512
2 SIMPLE_PINHOLE 576 1024 885.06491843946105 288 512
1111 SIMPLE_PINHOLE 576 1024 885.17769101317197 288 512
259 SIMPLE_PINHOLE 768 1024 729.8551580725358 384 512
544 SIMPLE_PINHOLE 576 1024 893.21085324960097 288 512
3 SIMPLE_PINHOLE 576 1024 882.62620279107637 288 512
1112 SIMPLE_PINHOLE 576 1024 888.31726496833255 288 512
260 SIMPLE_PINHOLE 768 1024 730.7299361085195 384 512
545 SIMPLE_PINHOLE 576 1024 894.22825154477562 288 512
4 SIMPLE_PINHOLE 576 1024 879.40834785749837 288 512
1113 SIMPLE_PINHOLE 576 1024 894.30466556903366 288 512
261 SIMPLE_PINHOLE 768 1024 731.35394255946403 384 512
546 SIMPLE_PINHOLE 576 1024 896.25456049083334 288 512
5 SIMPLE_PINHOLE 576 1024 877.25269282312786 288 512
262 SIMPLE_PINHOLE 768 1024 734.2055743455735 384 512
547 SIMPLE_PINHOLE 576 1024 892.17195602954246 288 512
6 SIMPLE_PINHOLE 576 1024 880.6526489249859 288 512
1115 SIMPLE_PINHOLE 576 1024 895.41893421364375 288 512
548 SIMPLE_PINHOLE 576 1024 895.07190029904541 288 512
7 SIMPLE_PINHOLE 576 1024 877.5124751373296 288 512
1116 SIMPLE_PINHOLE 576 1024 886.48687688380176 288 512
549 SIMPLE_PINHOLE 576 1024 892.1554359705658 288 512
8 SIMPLE_PINHOLE 576 1024 880.85944632497581 288 512
1117 SIMPLE_PINHOLE 576 1024 895.03315871117059 288 512
550 SIMPLE_PINHOLE 576 1024 894.51402669753895 288 512
9 SIMPLE_PINHOLE 576 1024 880.12215395386136 288 512
1118 SIMPLE_PINHOLE 576 1024 886.96225726838634 288 512
551 SIMPLE_PINHOLE 576 1024 894.79823449087155 288 512
10 SIMPLE_PINHOLE 576 1024 879.82460265241104 288 512
1119 SIMPLE_PINHOLE 576 1024 891.46783620737494 288 512
11 SIMPLE_PINHOLE 576 1024 874.61081257557271 288 512
1120 SIMPLE_PINHOLE 576 1024 883.04639024288213 288 512
12 SIMPLE_PINHOLE 576 1024 878.51136281331003 288 512
1121 SIMPLE_PINHOLE 576 1024 898.3057635760448 288 512
13 SIMPLE_PINHOLE 576 1024 882.68327055768088 288 512
1122 SIMPLE_PINHOLE 576 1024 869.52615970241322 288 512
30 SIMPLE_PINHOLE 576 1024 882.63415988132363 288 512
1139 SIMPLE_PINHOLE 576 1024 887.04113158720679 288 512
31 SIMPLE_PINHOLE 576 1024 885.71753839057305 288 512
1140 SIMPLE_PINHOLE 576 1024 890.72373009149294 288 512
32 SIMPLE_PINHOLE 576 1024 885.5827924718177 288 512
33 SIMPLE_PINHOLE 576 1024 883.63571625734903 288 512
34 SIMPLE_PINHOLE 576 1024 884.15500190456771 288 512
35 SIMPLE_PINHOLE 576 1024 884.75377408296811 288 512
36 SIMPLE_PINHOLE 576 1024 883.44746752646768 288 512
37 SIMPLE_PINHOLE 576 1024 884.57958843872711 288 512
38 SIMPLE_PINHOLE 576 1024 882.39538828470461 288 512
39 SIMPLE_PINHOLE 576 1024 883.83252767117335 288 512
40 SIMPLE_PINHOLE 576 1024 882.53091571187997 288 512
41 SIMPLE_PINHOLE 576 1024 878.25974086489248 288 512
42 SIMPLE_PINHOLE 576 1024 881.39454085437023 288 512
43 SIMPLE_PINHOLE 576 1024 882.04705878265634 288 512
44 SIMPLE_PINHOLE 576 1024 881.33348285338002 288 512
45 SIMPLE_PINHOLE 576 1024 883.15653724066829 288 512
46 SIMPLE_PINHOLE 576 1024 886.69103384287871 288 512
47 SIMPLE_PINHOLE 576 1024 881.60103566842361 288 512
48 SIMPLE_PINHOLE 576 1024 883.69135879122769 288 512
49 SIMPLE_PINHOLE 576 1024 885.42664126618274 288 512
50 SIMPLE_PINHOLE 576 1024 891.75985124586055 288 512
51 SIMPLE_PINHOLE 576 1024 897.69113498529566 288 512
52 SIMPLE_PINHOLE 576 1024 881.59476763186922 288 512
53 SIMPLE_PINHOLE 576 1024 875.83776007024755 288 512
54 SIMPLE_PINHOLE 576 1024 880.03847681096784 288 512
55 SIMPLE_PINHOLE 576 1024 882.69562810148523 288 512
56 SIMPLE_PINHOLE 576 1024 886.25219760241794 288 512
57 SIMPLE_PINHOLE 576 1024 885.99581597016345 288 512
58 SIMPLE_PINHOLE 576 1024 882.37081025275563 288 512
59 SIMPLE_PINHOLE 576 1024 888.22224237925786 288 512
128 SIMPLE_PINHOLE 768 1024 2315.7938522582858 384 512
129 SIMPLE_PINHOLE 768 1024 2297.4860522530926 384 512
130 SIMPLE_PINHOLE 768 1024 2276.3304385213273 384 512
131 SIMPLE_PINHOLE 768 1024 709.35727370797906 384 512
132 SIMPLE_PINHOLE 768 1024 715.8033546588091 384 512
133 SIMPLE_PINHOLE 768 1024 712.79448657401122 384 512
134 SIMPLE_PINHOLE 768 1024 720.07993041639281 384 512
135 SIMPLE_PINHOLE 1024 768 716.97679295771377 512 384
136 SIMPLE_PINHOLE 1024 768 718.73593189549479 512 384
137 SIMPLE_PINHOLE 1024 768 407.40963440721305 512 384
138 SIMPLE_PINHOLE 1024 768 2310.0468484475068 512 384
139 SIMPLE_PINHOLE 1024 768 2277.387107984634 512 384
140 SIMPLE_PINHOLE 1024 768 716.73936914985586 512 384
141 SIMPLE_PINHOLE 1024 768 718.1785043354289 512 384
142 SIMPLE_PINHOLE 1024 768 723.91734374688303 512 384
143 SIMPLE_PINHOLE 1024 768 719.66891785608107 512 384
144 SIMPLE_PINHOLE 1024 768 719.6290721046513 512 384
145 SIMPLE_PINHOLE 1024 768 724.08380813963674 512 384
146 SIMPLE_PINHOLE 1024 768 722.05941884275057 512 384
147 SIMPLE_PINHOLE 1024 768 719.54571843549218 512 384
148 SIMPLE_PINHOLE 1024 768 719.64209102608163 512 384
149 SIMPLE_PINHOLE 1024 768 715.07759599520682 512 384
150 SIMPLE_PINHOLE 1024 768 721.47289199667557 512 384
151 SIMPLE_PINHOLE 1024 768 717.65101528168213 512 384
152 SIMPLE_PINHOLE 1024 768 717.04625607156629 512 384
153 SIMPLE_PINHOLE 1024 768 1418.1906650435794 512 384
154 SIMPLE_PINHOLE 1024 768 2249.984195659405 512 384
155 SIMPLE_PINHOLE 1024 768 2297.1295267342143 512 384
156 SIMPLE_PINHOLE 1024 768 2311.7150785849558 512 384
157 SIMPLE_PINHOLE 1024 768 2294.6296969659738 512 384
158 SIMPLE_PINHOLE 1024 768 2266.3659795247136 512 384
159 SIMPLE_PINHOLE 1024 768 2283.2758786053437 512 384
160 SIMPLE_PINHOLE 1024 768 2284.3762021722773 512 384
161 SIMPLE_PINHOLE 1024 768 2294.6175466195418 512 384
162 SIMPLE_PINHOLE 1024 768 2293.2954499668672 512 384
163 SIMPLE_PINHOLE 1024 768 2282.7157007673509 512 384
164 SIMPLE_PINHOLE 1024 768 2295.0239147493744 512 384
166 SIMPLE_PINHOLE 1024 768 408.67603862259386 512 384
167 SIMPLE_PINHOLE 1024 768 409.41517370985514 512 384
168 SIMPLE_PINHOLE 1024 768 409.7474509392963 512 384
169 SIMPLE_PINHOLE 1024 768 719.22013933496635 512 384
170 SIMPLE_PINHOLE 1024 768 720.98901563051879 512 384
171 SIMPLE_PINHOLE 1024 768 719.47827646695384 512 384
172 SIMPLE_PINHOLE 1024 768 714.15698318717739 512 384
173 SIMPLE_PINHOLE 1024 768 715.86677760145949 512 384
174 SIMPLE_PINHOLE 1024 768 712.82053522131901 512 384
175 SIMPLE_PINHOLE 1024 768 726.29460809224827 512 384
176 SIMPLE_PINHOLE 1024 768 720.10255570321556 512 384
177 SIMPLE_PINHOLE 1024 768 717.59335550814092 512 384
178 SIMPLE_PINHOLE 1024 768 717.53008313289706 512 384
179 SIMPLE_PINHOLE 768 1024 407.5552702968875 384 512
180 SIMPLE_PINHOLE 1024 768 406.45109308767366 512 384
181 SIMPLE_PINHOLE 1024 768 406.27686698902596 512 384
182 SIMPLE_PINHOLE 1024 768 718.66236718207529 512 384
183 SIMPLE_PINHOLE 1024 768 721.37117776746061 512 384
184 SIMPLE_PINHOLE 768 1024 410.86995507453298 384 512
185 SIMPLE_PINHOLE 1024 768 720.23955048277776 512 384
186 SIMPLE_PINHOLE 768 1024 408.65867894048091 384 512
187 SIMPLE_PINHOLE 1024 768 720.49936246509697 512 384
188 SIMPLE_PINHOLE 768 1024 408.7505863465878 384 512
189 SIMPLE_PINHOLE 1024 768 718.33641998993141 512 384
190 SIMPLE_PINHOLE 1024 768 719.29781616196863 512 384
191 SIMPLE_PINHOLE 768 1024 406.86141874989153 384 512
192 SIMPLE_PINHOLE 1024 768 716.26901038350024 512 384
193 SIMPLE_PINHOLE 1024 768 713.5092320031456 512 384
194 SIMPLE_PINHOLE 768 1024 773.37237011121385 384 512
195 SIMPLE_PINHOLE 1024 768 711.80760756253915 512 384
196 SIMPLE_PINHOLE 1024 768 703.59226110459497 512 384
197 SIMPLE_PINHOLE 768 1024 769.01511287168341 384 512
198 SIMPLE_PINHOLE 1024 768 717.56925109097006 512 384
199 SIMPLE_PINHOLE 1024 768 719.81538095541043 512 384
200 SIMPLE_PINHOLE 768 1024 769.7913449116312 384 512
201 SIMPLE_PINHOLE 1024 768 716.72414569370096 512 384
202 SIMPLE_PINHOLE 1024 768 716.62436527829152 512 384
203 SIMPLE_PINHOLE 1024 768 727.5454471840402 512 384
204 SIMPLE_PINHOLE 768 1024 723.96798746575996 384 512
205 SIMPLE_PINHOLE 1024 768 408.32755281464728 512 384
206 SIMPLE_PINHOLE 768 1024 410.30324092898866 384 512
207 SIMPLE_PINHOLE 1024 768 717.84108257840705 512 384
208 SIMPLE_PINHOLE 1024 768 716.90362691416658 512 384
209 SIMPLE_PINHOLE 768 1024 716.56891233545048 384 512
210 SIMPLE_PINHOLE 768 1024 720.0001411895571 384 512
211 SIMPLE_PINHOLE 768 1024 755.53674953276914 384 512
215 SIMPLE_PINHOLE 768 1024 552.05966048023674 384 512
217 SIMPLE_PINHOLE 768 1024 703.77430030450421 384 512
218 SIMPLE_PINHOLE 1024 768 702.9062424178619 512 384
219 SIMPLE_PINHOLE 1024 768 709.04947049369036 512 384
220 SIMPLE_PINHOLE 1024 768 709.87587741306697 512 384
221 SIMPLE_PINHOLE 1024 768 708.09514777806532 512 384
222 SIMPLE_PINHOLE 1024 768 707.32038970259612 512 384
223 SIMPLE_PINHOLE 1024 768 704.47644992317862 512 384
224 SIMPLE_PINHOLE 1024 768 712.78944458935314 512 384
225 SIMPLE_PINHOLE 1024 768 703.69749788384661 512 384
226 SIMPLE_PINHOLE 1024 768 703.1082735881364 512 384
227 SIMPLE_PINHOLE 1024 768 707.69316643462525 512 384
228 SIMPLE_PINHOLE 1024 768 709.55312984954514 512 384
229 SIMPLE_PINHOLE 1024 768 715.9030341483483 512 384
230 SIMPLE_PINHOLE 1024 768 708.57566574865393 512 384
231 SIMPLE_PINHOLE 1024 768 712.3339270800243 512 384
232 SIMPLE_PINHOLE 1024 768 714.73655099387008 512 384
233 SIMPLE_PINHOLE 1024 768 716.01698982617381 512 384
234 SIMPLE_PINHOLE 1024 768 724.47640464669109 512 384
235 SIMPLE_PINHOLE 1024 768 725.60968053028159 512 384
236 SIMPLE_PINHOLE 1024 768 709.04618888534708 512 384
237 SIMPLE_PINHOLE 1024 768 718.61634096254386 512 384
238 SIMPLE_PINHOLE 1024 768 716.33758780126311 512 384
239 SIMPLE_PINHOLE 1024 768 722.73803782993298 512 384
240 SIMPLE_PINHOLE 1024 768 717.70989573810493 512 384
241 SIMPLE_PINHOLE 1024 768 710.33820784868328 512 384
242 SIMPLE_PINHOLE 1024 768 725.30279095789103 512 384
243 SIMPLE_PINHOLE 1024 768 717.05112011941469 512 384
244 SIMPLE_PINHOLE 1024 768 715.84052177418857 512 384
245 SIMPLE_PINHOLE 1024 768 2265.4520307243515 512 384
246 SIMPLE_PINHOLE 1024 768 407.09043236124825 512 384
247 SIMPLE_PINHOLE 1024 768 407.82528270068968 512 384
248 SIMPLE_PINHOLE 1024 768 407.09444771136486 512 384
249 SIMPLE_PINHOLE 1024 768 409.99528937821492 512 384
250 SIMPLE_PINHOLE 1024 768 407.31469785713728 512 384
251 SIMPLE_PINHOLE 1024 768 406.82576286819665 512 384
252 SIMPLE_PINHOLE 1024 768 406.91486656220519 512 384
253 SIMPLE_PINHOLE 1024 768 392.93913795298471 512 384
254 SIMPLE_PINHOLE 1024 768 406.4559306304597 512 384
255 SIMPLE_PINHOLE 768 1024 2264.6085666429167 384 512
256 SIMPLE_PINHOLE 1024 768 714.04669047623895 512 384
257 SIMPLE_PINHOLE 768 1024 726.46914887176456 384 512
552 SIMPLE_PINHOLE 576 1024 895.65907787344736 288 512
553 SIMPLE_PINHOLE 576 1024 895.57003959632004 288 512
554 SIMPLE_PINHOLE 576 1024 897.06268285530052 288 512
555 SIMPLE_PINHOLE 576 1024 896.48527776232561 288 512
556 SIMPLE_PINHOLE 576 1024 895.69467867170556 288 512
557 SIMPLE_PINHOLE 576 1024 897.10006341018811 288 512
558 SIMPLE_PINHOLE 576 1024 895.66764263529967 288 512
559 SIMPLE_PINHOLE 576 1024 896.17111049665027 288 512
560 SIMPLE_PINHOLE 576 1024 898.60624122067497 288 512
561 SIMPLE_PINHOLE 576 1024 897.10412893182968 288 512
562 SIMPLE_PINHOLE 576 1024 897.71510577311187 288 512
563 SIMPLE_PINHOLE 576 1024 898.70748780032477 288 512
564 SIMPLE_PINHOLE 576 1024 898.4762459328623 288 512
565 SIMPLE_PINHOLE 576 1024 899.56471690013518 288 512
566 SIMPLE_PINHOLE 576 1024 899.27306098936526 288 512
567 SIMPLE_PINHOLE 576 1024 476.24938176742961 288 512
568 SIMPLE_PINHOLE 576 1024 476.31451365712729 288 512
569 SIMPLE_PINHOLE 576 1024 476.82820987339835 288 512
570 SIMPLE_PINHOLE 576 1024 476.60342686039525 288 512
571 SIMPLE_PINHOLE 576 1024 476.14681491085435 288 512
572 SIMPLE_PINHOLE 576 1024 476.26510118970543 288 512
573 SIMPLE_PINHOLE 576 1024 476.2093178834387 288 512
574 SIMPLE_PINHOLE 576 1024 475.91410098352162 288 512
575 SIMPLE_PINHOLE 576 1024 476.25379913463598 288 512
576 SIMPLE_PINHOLE 576 1024 476.10408573577092 288 512
577 SIMPLE_PINHOLE 576 1024 476.08641331872747 288 512
578 SIMPLE_PINHOLE 576 1024 476.39666550896055 288 512
579 SIMPLE_PINHOLE 576 1024 476.18351251967977 288 512
580 SIMPLE_PINHOLE 576 1024 476.64458786454486 288 512
581 SIMPLE_PINHOLE 576 1024 477.23707583183193 288 512
582 SIMPLE_PINHOLE 576 1024 477.001571759081 288 512
583 SIMPLE_PINHOLE 576 1024 476.92168311894659 288 512
584 SIMPLE_PINHOLE 576 1024 476.93895692529412 288 512
585 SIMPLE_PINHOLE 576 1024 476.85319228554937 288 512
586 SIMPLE_PINHOLE 576 1024 477.18679290515593 288 512
587 SIMPLE_PINHOLE 576 1024 477.11921407837264 288 512
588 SIMPLE_PINHOLE 576 1024 474.58327930644009 288 512
589 SIMPLE_PINHOLE 576 1024 474.88030124435249 288 512
590 SIMPLE_PINHOLE 576 1024 477.78774345315497 288 512
591 SIMPLE_PINHOLE 576 1024 473.16530212987732 288 512
592 SIMPLE_PINHOLE 576 1024 474.79000283969361 288 512
593 SIMPLE_PINHOLE 576 1024 475.24237118652849 288 512
594 SIMPLE_PINHOLE 576 1024 475.73450667683142 288 512
595 SIMPLE_PINHOLE 576 1024 475.8673129439444 288 512
596 SIMPLE_PINHOLE 576 1024 476.01987633607013 288 512
597 SIMPLE_PINHOLE 576 1024 476.34201063254665 288 512
598 SIMPLE_PINHOLE 576 1024 475.90234315926216 288 512
599 SIMPLE_PINHOLE 576 1024 476.07187255245748 288 512
600 SIMPLE_PINHOLE 576 1024 475.79036317564783 288 512
601 SIMPLE_PINHOLE 576 1024 476.10286973982164 288 512
602 SIMPLE_PINHOLE 576 1024 473.40893169537549 288 512
603 SIMPLE_PINHOLE 576 1024 474.21989311304776 288 512
604 SIMPLE_PINHOLE 576 1024 474.36954117560833 288 512
605 SIMPLE_PINHOLE 576 1024 473.38270043510727 288 512
606 SIMPLE_PINHOLE 576 1024 474.59404936290485 288 512
607 SIMPLE_PINHOLE 576 1024 474.91330698324083 288 512
608 SIMPLE_PINHOLE 576 1024 474.8779800426741 288 512
609 SIMPLE_PINHOLE 576 1024 474.65636643662077 288 512
610 SIMPLE_PINHOLE 576 1024 474.63509368215102 288 512
611 SIMPLE_PINHOLE 576 1024 474.89826527384406 288 512
612 SIMPLE_PINHOLE 576 1024 475.07384290776389 288 512
613 SIMPLE_PINHOLE 576 1024 474.98192856423674 288 512
614 SIMPLE_PINHOLE 576 1024 476.13815555260982 288 512
615 SIMPLE_PINHOLE 576 1024 476.2753323973634 288 512
616 SIMPLE_PINHOLE 576 1024 476.00376530046879 288 512
617 SIMPLE_PINHOLE 576 1024 476.24079311886135 288 512
618 SIMPLE_PINHOLE 576 1024 475.67351500149158 288 512
619 SIMPLE_PINHOLE 576 1024 475.67022441269518 288 512
620 SIMPLE_PINHOLE 576 1024 475.44503569250276 288 512
621 SIMPLE_PINHOLE 576 1024 475.32838957195577 288 512
622 SIMPLE_PINHOLE 576 1024 475.45872398750288 288 512
623 SIMPLE_PINHOLE 576 1024 475.05324996867199 288 512
624 SIMPLE_PINHOLE 576 1024 474.60754980750892 288 512
625 SIMPLE_PINHOLE 576 1024 474.52019378769967 288 512
626 SIMPLE_PINHOLE 576 1024 474.70365022316975 288 512
627 SIMPLE_PINHOLE 576 1024 474.78435850290464 288 512
628 SIMPLE_PINHOLE 576 1024 474.64942858121805 288 512
629 SIMPLE_PINHOLE 576 1024 474.89786397424757 288 512
630 SIMPLE_PINHOLE 576 1024 474.9366176596173 288 512
631 SIMPLE_PINHOLE 576 1024 475.57425946151329 288 512
632 SIMPLE_PINHOLE 576 1024 475.3743850926744 288 512
633 SIMPLE_PINHOLE 576 1024 475.73929289625056 288 512
634 SIMPLE_PINHOLE 576 1024 476.30260501484156 288 512
635 SIMPLE_PINHOLE 576 1024 475.85891355875214 288 512
636 SIMPLE_PINHOLE 576 1024 476.5307851078457 288 512
637 SIMPLE_PINHOLE 576 1024 476.27721039551602 288 512
638 SIMPLE_PINHOLE 576 1024 476.22855149827529 288 512
639 SIMPLE_PINHOLE 576 1024 476.31354733187129 288 512
640 SIMPLE_PINHOLE 576 1024 476.29924161282656 288 512
641 SIMPLE_PINHOLE 576 1024 476.48453546222885 288 512
642 SIMPLE_PINHOLE 576 1024 476.75635045249561 288 512
643 SIMPLE_PINHOLE 576 1024 476.76590631345971 288 512
644 SIMPLE_PINHOLE 576 1024 476.42449781499261 288 512
645 SIMPLE_PINHOLE 576 1024 476.33064594473421 288 512
646 SIMPLE_PINHOLE 576 1024 474.8476097975568 288 512
647 SIMPLE_PINHOLE 576 1024 474.67044673939131 288 512
648 SIMPLE_PINHOLE 576 1024 475.29183649511424 288 512
649 SIMPLE_PINHOLE 576 1024 473.8514636814308 288 512
650 SIMPLE_PINHOLE 576 1024 476.14445332902807 288 512
651 SIMPLE_PINHOLE 576 1024 474.99329054792872 288 512
652 SIMPLE_PINHOLE 576 1024 475.79331011673696 288 512
653 SIMPLE_PINHOLE 576 1024 475.45943755401095 288 512
654 SIMPLE_PINHOLE 576 1024 475.68101283010492 288 512
655 SIMPLE_PINHOLE 576 1024 476.00348559965704 288 512
656 SIMPLE_PINHOLE 576 1024 475.41056234918727 288 512
657 SIMPLE_PINHOLE 576 1024 475.30024213473638 288 512
658 SIMPLE_PINHOLE 576 1024 474.92953612768082 288 512
659 SIMPLE_PINHOLE 576 1024 474.65381080463095 288 512
660 SIMPLE_PINHOLE 576 1024 474.02454617869489 288 512
661 SIMPLE_PINHOLE 576 1024 474.30216282612179 288 512
662 SIMPLE_PINHOLE 576 1024 475.05713113918375 288 512
663 SIMPLE_PINHOLE 576 1024 475.34733663025372 288 512
664 SIMPLE_PINHOLE 576 1024 475.50483288704731 288 512
665 SIMPLE_PINHOLE 576 1024 475.98057852049277 288 512
666 SIMPLE_PINHOLE 576 1024 475.7423815637548 288 512
667 SIMPLE_PINHOLE 576 1024 475.57594124998894 288 512
668 SIMPLE_PINHOLE 576 1024 474.31035951558067 288 512
669 SIMPLE_PINHOLE 576 1024 473.74906820439594 288 512
670 SIMPLE_PINHOLE 576 1024 899.5727160803043 288 512
671 SIMPLE_PINHOLE 576 1024 900.59313187967189 288 512
672 SIMPLE_PINHOLE 576 1024 897.46414589805181 288 512
673 SIMPLE_PINHOLE 576 1024 895.1827694897662 288 512
674 SIMPLE_PINHOLE 576 1024 894.25775033315483 288 512
675 SIMPLE_PINHOLE 576 1024 894.42272717175138 288 512
676 SIMPLE_PINHOLE 576 1024 894.98556494508989 288 512
677 SIMPLE_PINHOLE 576 1024 895.34630830840763 288 512
678 SIMPLE_PINHOLE 576 1024 892.49149307255857 288 512
679 SIMPLE_PINHOLE 576 1024 893.76571986471333 288 512
680 SIMPLE_PINHOLE 576 1024 891.04452117180313 288 512
681 SIMPLE_PINHOLE 576 1024 888.49618620017065 288 512
682 SIMPLE_PINHOLE 576 1024 892.40048258267962 288 512
683 SIMPLE_PINHOLE 576 1024 898.54895435797505 288 512
688 SIMPLE_PINHOLE 576 1024 891.52894698096929 288 512
689 SIMPLE_PINHOLE 576 1024 884.88282068418516 288 512
690 SIMPLE_PINHOLE 576 1024 896.70193958879247 288 512
691 SIMPLE_PINHOLE 576 1024 895.98638597293598 288 512
692 SIMPLE_PINHOLE 576 1024 896.86801142782838 288 512
693 SIMPLE_PINHOLE 576 1024 897.27599189291573 288 512
694 SIMPLE_PINHOLE 576 1024 896.41487361500322 288 512
695 SIMPLE_PINHOLE 576 1024 894.01170218664129 288 512
696 SIMPLE_PINHOLE 576 1024 893.75507578524969 288 512
697 SIMPLE_PINHOLE 576 1024 897.92197901670545 288 512
698 SIMPLE_PINHOLE 576 1024 893.84034688659528 288 512
699 SIMPLE_PINHOLE 576 1024 895.53088188241179 288 512
700 SIMPLE_PINHOLE 576 1024 894.28076044213617 288 512
701 SIMPLE_PINHOLE 576 1024 895.36571369634271 288 512
702 SIMPLE_PINHOLE 576 1024 895.79496089410679 288 512
703 SIMPLE_PINHOLE 576 1024 895.72845552521721 288 512
704 SIMPLE_PINHOLE 576 1024 891.76208578965543 288 512
705 SIMPLE_PINHOLE 576 1024 894.40170253244958 288 512
706 SIMPLE_PINHOLE 576 1024 895.92234609090781 288 512
707 SIMPLE_PINHOLE 576 1024 896.15974090122427 288 512
708 SIMPLE_PINHOLE 576 1024 898.42022378158549 288 512
709 SIMPLE_PINHOLE 576 1024 896.31477533566715 288 512
710 SIMPLE_PINHOLE 576 1024 894.72298105749019 288 512
711 SIMPLE_PINHOLE 576 1024 896.58680610279328 288 512
712 SIMPLE_PINHOLE 576 1024 894.11950795202802 288 512
713 SIMPLE_PINHOLE 576 1024 893.89753963476028 288 512
714 SIMPLE_PINHOLE 576 1024 892.92817312861416 288 512
715 SIMPLE_PINHOLE 576 1024 893.41775435188276 288 512
716 SIMPLE_PINHOLE 576 1024 899.93535597845255 288 512
717 SIMPLE_PINHOLE 576 1024 899.05133823224833 288 512
718 SIMPLE_PINHOLE 576 1024 895.95750056970269 288 512
719 SIMPLE_PINHOLE 576 1024 899.04632453213401 288 512
720 SIMPLE_PINHOLE 576 1024 895.87339443713097 288 512
721 SIMPLE_PINHOLE 576 1024 895.298337420179 288 512
722 SIMPLE_PINHOLE 576 1024 894.54343053844207 288 512
723 SIMPLE_PINHOLE 576 1024 896.10764648702798 288 512
724 SIMPLE_PINHOLE 576 1024 896.98645963458762 288 512
725 SIMPLE_PINHOLE 576 1024 895.55015887872605 288 512
726 SIMPLE_PINHOLE 576 1024 893.9941202989919 288 512
727 SIMPLE_PINHOLE 576 1024 898.0621586427352 288 512
728 SIMPLE_PINHOLE 576 1024 896.97198890081074 288 512
729 SIMPLE_PINHOLE 576 1024 897.99286338007892 288 512
730 SIMPLE_PINHOLE 576 1024 894.29084027531519 288 512
731 SIMPLE_PINHOLE 576 1024 893.7167986234773 288 512
732 SIMPLE_PINHOLE 576 1024 894.80188522460026 288 512
733 SIMPLE_PINHOLE 576 1024 897.49458132589882 288 512
734 SIMPLE_PINHOLE 576 1024 899.0664699484696 288 512
735 SIMPLE_PINHOLE 576 1024 897.3433551215744 288 512
736 SIMPLE_PINHOLE 576 1024 899.64610461857217 288 512
737 SIMPLE_PINHOLE 576 1024 897.93556178146775 288 512
738 SIMPLE_PINHOLE 576 1024 897.48128837723868 288 512
739 SIMPLE_PINHOLE 576 1024 892.43599542705249 288 512
740 SIMPLE_PINHOLE 576 1024 888.30637583330929 288 512
741 SIMPLE_PINHOLE 576 1024 887.9136249015902 288 512
742 SIMPLE_PINHOLE 576 1024 862.35799294297647 288 512
743 SIMPLE_PINHOLE 576 1024 892.79569036069984 288 512
744 SIMPLE_PINHOLE 576 1024 890.66392097059372 288 512
745 SIMPLE_PINHOLE 576 1024 895.45559065888642 288 512
746 SIMPLE_PINHOLE 576 1024 894.54421487912271 288 512
747 SIMPLE_PINHOLE 576 1024 891.41527113000848 288 512
748 SIMPLE_PINHOLE 576 1024 892.20595224827264 288 512
749 SIMPLE_PINHOLE 576 1024 896.20208471346439 288 512
750 SIMPLE_PINHOLE 576 1024 898.89539291749088 288 512
751 SIMPLE_PINHOLE 576 1024 897.51128515828839 288 512
752 SIMPLE_PINHOLE 576 1024 896.25464188611932 288 512
753 SIMPLE_PINHOLE 576 1024 893.42158611682476 288 512
754 SIMPLE_PINHOLE 576 1024 892.46374940325995 288 512
755 SIMPLE_PINHOLE 576 1024 903.85280242745182 288 512
756 SIMPLE_PINHOLE 576 1024 903.57495529568723 288 512
757 SIMPLE_PINHOLE 576 1024 896.32401854934426 288 512
758 SIMPLE_PINHOLE 576 1024 896.09640927945168 288 512
759 SIMPLE_PINHOLE 576 1024 898.51294915027768 288 512
760 SIMPLE_PINHOLE 576 1024 897.83038229132876 288 512
761 SIMPLE_PINHOLE 576 1024 897.71106569671895 288 512
762 SIMPLE_PINHOLE 576 1024 892.68520387745752 288 512
763 SIMPLE_PINHOLE 576 1024 896.26690147357886 288 512
764 SIMPLE_PINHOLE 576 1024 897.14216607016976 288 512
765 SIMPLE_PINHOLE 576 1024 897.44159032346795 288 512
766 SIMPLE_PINHOLE 576 1024 898.59939352813399 288 512
767 SIMPLE_PINHOLE 576 1024 901.7509036993024 288 512
768 SIMPLE_PINHOLE 576 1024 898.19422786833104 288 512
769 SIMPLE_PINHOLE 576 1024 895.42706599935764 288 512
770 SIMPLE_PINHOLE 576 1024 896.06308614611726 288 512
771 SIMPLE_PINHOLE 576 1024 890.89078192076147 288 512
772 SIMPLE_PINHOLE 576 1024 897.33715503603196 288 512
773 SIMPLE_PINHOLE 576 1024 897.16571300410305 288 512
774 SIMPLE_PINHOLE 576 1024 896.31168299518265 288 512
775 SIMPLE_PINHOLE 576 1024 473.34233462677281 288 512
776 SIMPLE_PINHOLE 576 1024 473.35674128360176 288 512
777 SIMPLE_PINHOLE 576 1024 473.37291406870156 288 512
778 SIMPLE_PINHOLE 576 1024 473.21833324484595 288 512
779 SIMPLE_PINHOLE 576 1024 473.26601202352208 288 512
780 SIMPLE_PINHOLE 576 1024 473.64579997953558 288 512
781 SIMPLE_PINHOLE 576 1024 473.87603963530734 288 512
782 SIMPLE_PINHOLE 576 1024 474.2455487230315 288 512
783 SIMPLE_PINHOLE 576 1024 474.17007299760479 288 512
784 SIMPLE_PINHOLE 576 1024 473.37976872125637 288 512
785 SIMPLE_PINHOLE 576 1024 474.17899918131877 288 512
786 SIMPLE_PINHOLE 576 1024 473.26396975149663 288 512
787 SIMPLE_PINHOLE 576 1024 472.37664856251808 288 512
788 SIMPLE_PINHOLE 576 1024 471.94018131904807 288 512
789 SIMPLE_PINHOLE 576 1024 472.90715341041255 288 512
790 SIMPLE_PINHOLE 576 1024 472.26055846506551 288 512
791 SIMPLE_PINHOLE 576 1024 473.995155592983 288 512
792 SIMPLE_PINHOLE 576 1024 473.74211096531991 288 512
793 SIMPLE_PINHOLE 576 1024 473.04459796033262 288 512
794 SIMPLE_PINHOLE 576 1024 473.62522326537447 288 512
795 SIMPLE_PINHOLE 576 1024 473.26376857074325 288 512
796 SIMPLE_PINHOLE 576 1024 472.68962141683517 288 512
797 SIMPLE_PINHOLE 576 1024 472.89974381377289 288 512
798 SIMPLE_PINHOLE 576 1024 473.31391993898188 288 512
799 SIMPLE_PINHOLE 576 1024 473.76707845955087 288 512
800 SIMPLE_PINHOLE 576 1024 473.96011876012244 288 512
801 SIMPLE_PINHOLE 576 1024 474.2575369350281 288 512
802 SIMPLE_PINHOLE 576 1024 472.03144066845198 288 512
803 SIMPLE_PINHOLE 576 1024 472.56570334399663 288 512
804 SIMPLE_PINHOLE 576 1024 471.94952020993622 288 512
805 SIMPLE_PINHOLE 576 1024 472.29703495281211 288 512
806 SIMPLE_PINHOLE 576 1024 473.50475557979132 288 512
807 SIMPLE_PINHOLE 576 1024 473.4902061723763 288 512
808 SIMPLE_PINHOLE 576 1024 898.76164488351515 288 512
809 SIMPLE_PINHOLE 576 1024 897.59454988673951 288 512
810 SIMPLE_PINHOLE 576 1024 895.90270189438547 288 512
811 SIMPLE_PINHOLE 576 1024 895.44198854205649 288 512
812 SIMPLE_PINHOLE 576 1024 892.17036839179366 288 512
813 SIMPLE_PINHOLE 576 1024 896.70193861061182 288 512
814 SIMPLE_PINHOLE 576 1024 893.43703720647648 288 512
815 SIMPLE_PINHOLE 576 1024 895.56029454051236 288 512
816 SIMPLE_PINHOLE 576 1024 895.78065739427348 288 512
817 SIMPLE_PINHOLE 576 1024 899.40708505947543 288 512
818 SIMPLE_PINHOLE 576 1024 898.5259514669051 288 512
819 SIMPLE_PINHOLE 576 1024 895.79600586199297 288 512
820 SIMPLE_PINHOLE 576 1024 899.09931471227674 288 512
821 SIMPLE_PINHOLE 576 1024 901.28103108528603 288 512
822 SIMPLE_PINHOLE 576 1024 898.89044250272275 288 512
823 SIMPLE_PINHOLE 576 1024 896.86447911421953 288 512
824 SIMPLE_PINHOLE 576 1024 896.49225814235842 288 512
825 SIMPLE_PINHOLE 576 1024 896.15919032920488 288 512
826 SIMPLE_PINHOLE 576 1024 896.81078996675649 288 512
827 SIMPLE_PINHOLE 576 1024 898.62657830483897 288 512
828 SIMPLE_PINHOLE 576 1024 895.45083208107974 288 512
829 SIMPLE_PINHOLE 576 1024 899.30627083107004 288 512
830 SIMPLE_PINHOLE 576 1024 899.26127133751299 288 512
831 SIMPLE_PINHOLE 576 1024 896.73704124463598 288 512
832 SIMPLE_PINHOLE 576 1024 898.08360371088781 288 512
833 SIMPLE_PINHOLE 576 1024 907.73418257835749 288 512
834 SIMPLE_PINHOLE 576 1024 922.87464698110307 288 512
835 SIMPLE_PINHOLE 576 1024 924.36996781956123 288 512
836 SIMPLE_PINHOLE 576 1024 907.97406378659878 288 512
837 SIMPLE_PINHOLE 576 1024 906.08255525805885 288 512
838 SIMPLE_PINHOLE 576 1024 896.02333497947825 288 512
839 SIMPLE_PINHOLE 576 1024 897.00865835344541 288 512
840 SIMPLE_PINHOLE 576 1024 895.08665814544383 288 512
841 SIMPLE_PINHOLE 576 1024 894.10419659486467 288 512
842 SIMPLE_PINHOLE 576 1024 895.2637492502181 288 512
843 SIMPLE_PINHOLE 576 1024 899.08093216165446 288 512
844 SIMPLE_PINHOLE 576 1024 896.61386522469093 288 512
845 SIMPLE_PINHOLE 576 1024 897.47093953186891 288 512
846 SIMPLE_PINHOLE 576 1024 894.66017180712527 288 512
847 SIMPLE_PINHOLE 576 1024 901.55367618134994 288 512
848 SIMPLE_PINHOLE 576 1024 901.20713717912201 288 512
849 SIMPLE_PINHOLE 576 1024 900.03323501202203 288 512
850 SIMPLE_PINHOLE 576 1024 896.62890699350908 288 512
851 SIMPLE_PINHOLE 576 1024 893.28289465588762 288 512
852 SIMPLE_PINHOLE 576 1024 893.34480706955242 288 512
853 SIMPLE_PINHOLE 576 1024 896.79838810410808 288 512
854 SIMPLE_PINHOLE 576 1024 899.3026384629735 288 512
855 SIMPLE_PINHOLE 576 1024 900.88789944984967 288 512
856 SIMPLE_PINHOLE 576 1024 899.9475872844198 288 512
857 SIMPLE_PINHOLE 576 1024 898.3036515657318 288 512
858 SIMPLE_PINHOLE 576 1024 900.47415201164699 288 512
859 SIMPLE_PINHOLE 576 1024 899.47426095146318 288 512
860 SIMPLE_PINHOLE 576 1024 476.43917426755621 288 512
861 SIMPLE_PINHOLE 576 1024 476.23522984904832 288 512
862 SIMPLE_PINHOLE 576 1024 476.22284327867845 288 512
863 SIMPLE_PINHOLE 576 1024 475.7633060318052 288 512
864 SIMPLE_PINHOLE 576 1024 475.10313599831147 288 512
865 SIMPLE_PINHOLE 576 1024 475.48431309988609 288 512
866 SIMPLE_PINHOLE 576 1024 475.2413329990419 288 512
867 SIMPLE_PINHOLE 576 1024 476.57038253234055 288 512
868 SIMPLE_PINHOLE 576 1024 476.17059064724771 288 512
869 SIMPLE_PINHOLE 576 1024 476.856117266404 288 512
870 SIMPLE_PINHOLE 576 1024 476.29385670790634 288 512
871 SIMPLE_PINHOLE 576 1024 476.11727127168888 288 512
872 SIMPLE_PINHOLE 576 1024 476.50636582449278 288 512
873 SIMPLE_PINHOLE 576 1024 477.10925510703885 288 512
874 SIMPLE_PINHOLE 576 1024 477.04352003231293 288 512
875 SIMPLE_PINHOLE 576 1024 476.71398958978381 288 512
876 SIMPLE_PINHOLE 576 1024 476.74586692754519 288 512
877 SIMPLE_PINHOLE 576 1024 476.84395751341293 288 512
878 SIMPLE_PINHOLE 576 1024 477.0951408707686 288 512
879 SIMPLE_PINHOLE 576 1024 477.33368279696322 288 512
880 SIMPLE_PINHOLE 576 1024 477.2635089969134 288 512
881 SIMPLE_PINHOLE 576 1024 476.32506226973845 288 512
882 SIMPLE_PINHOLE 576 1024 476.91719975759622 288 512
883 SIMPLE_PINHOLE 576 1024 477.10827103536479 288 512
884 SIMPLE_PINHOLE 576 1024 476.28567153185713 288 512
885 SIMPLE_PINHOLE 576 1024 476.68207079700039 288 512
886 SIMPLE_PINHOLE 576 1024 476.47640796565565 288 512
887 SIMPLE_PINHOLE 576 1024 476.65095577035493 288 512
888 SIMPLE_PINHOLE 576 1024 476.6180999658921 288 512
889 SIMPLE_PINHOLE 576 1024 476.41208442241913 288 512
890 SIMPLE_PINHOLE 576 1024 476.21696959811118 288 512
891 SIMPLE_PINHOLE 576 1024 476.33122758886793 288 512
892 SIMPLE_PINHOLE 576 1024 476.62642745444913 288 512
893 SIMPLE_PINHOLE 576 1024 470.15502382110606 288 512
894 SIMPLE_PINHOLE 576 1024 471.34227160146031 288 512
895 SIMPLE_PINHOLE 576 1024 472.92977325993115 288 512
896 SIMPLE_PINHOLE 576 1024 473.93082359044161 288 512
897 SIMPLE_PINHOLE 576 1024 473.089851762514 288 512
898 SIMPLE_PINHOLE 576 1024 472.80252953056407 288 512
899 SIMPLE_PINHOLE 576 1024 472.76203329115663 288 512
900 SIMPLE_PINHOLE 576 1024 473.12847399364023 288 512
901 SIMPLE_PINHOLE 576 1024 473.60530172751044 288 512
902 SIMPLE_PINHOLE 576 1024 474.11691854272362 288 512
903 SIMPLE_PINHOLE 576 1024 474.96967764120177 288 512
904 SIMPLE_PINHOLE 576 1024 475.48275585227788 288 512
905 SIMPLE_PINHOLE 576 1024 475.53525029229564 288 512
906 SIMPLE_PINHOLE 576 1024 475.26220698126281 288 512
907 SIMPLE_PINHOLE 576 1024 474.96845626244624 288 512
908 SIMPLE_PINHOLE 576 1024 475.1123654424029 288 512
909 SIMPLE_PINHOLE 576 1024 474.58097265270686 288 512
910 SIMPLE_PINHOLE 576 1024 476.106839466172 288 512
911 SIMPLE_PINHOLE 576 1024 475.402548112342 288 512
912 SIMPLE_PINHOLE 576 1024 476.41120577978978 288 512
913 SIMPLE_PINHOLE 576 1024 477.50657153488385 288 512
914 SIMPLE_PINHOLE 576 1024 478.19067841531955 288 512
915 SIMPLE_PINHOLE 576 1024 477.58513095806427 288 512
916 SIMPLE_PINHOLE 576 1024 478.33572506623261 288 512
917 SIMPLE_PINHOLE 576 1024 478.02122158201098 288 512
918 SIMPLE_PINHOLE 576 1024 478.86240806406272 288 512
919 SIMPLE_PINHOLE 576 1024 486.32796117634427 288 512
920 SIMPLE_PINHOLE 576 1024 482.37686384184298 288 512
928 SIMPLE_PINHOLE 576 1024 710.35752888600814 288 512
929 SIMPLE_PINHOLE 576 1024 709.99676486132296 288 512
930 SIMPLE_PINHOLE 576 1024 714.39499768113035 288 512
931 SIMPLE_PINHOLE 576 1024 743.85480628774678 288 512
932 SIMPLE_PINHOLE 576 1024 743.42621301339523 288 512
933 SIMPLE_PINHOLE 576 1024 744.2269099696864 288 512
934 SIMPLE_PINHOLE 576 1024 744.91010523671673 288 512
935 SIMPLE_PINHOLE 576 1024 744.82880958635462 288 512
936 SIMPLE_PINHOLE 576 1024 746.256021080751 288 512
937 SIMPLE_PINHOLE 576 1024 748.09732941825871 288 512
938 SIMPLE_PINHOLE 576 1024 749.4488859351826 288 512
939 SIMPLE_PINHOLE 576 1024 749.63370577964588 288 512
940 SIMPLE_PINHOLE 576 1024 750.71769445500252 288 512
941 SIMPLE_PINHOLE 576 1024 749.25681923605055 288 512
942 SIMPLE_PINHOLE 576 1024 745.47272088297075 288 512
943 SIMPLE_PINHOLE 576 1024 745.8664171455581 288 512
944 SIMPLE_PINHOLE 576 1024 744.33336661968428 288 512
945 SIMPLE_PINHOLE 576 1024 742.61063695519385 288 512
946 SIMPLE_PINHOLE 576 1024 742.32808262499475 288 512
947 SIMPLE_PINHOLE 576 1024 740.87313155307254 288 512
948 SIMPLE_PINHOLE 576 1024 741.1189821965678 288 512
949 SIMPLE_PINHOLE 576 1024 740.14896797521453 288 512
950 SIMPLE_PINHOLE 576 1024 736.34361692686991 288 512
951 SIMPLE_PINHOLE 576 1024 1715.3076787754521 288 512
952 SIMPLE_PINHOLE 576 1024 1713.7086114225237 288 512
953 SIMPLE_PINHOLE 576 1024 1721.5168167489517 288 512
954 SIMPLE_PINHOLE 576 1024 1717.9270343509668 288 512
955 SIMPLE_PINHOLE 576 1024 1701.7317705818587 288 512
956 SIMPLE_PINHOLE 576 1024 1702.875280769649 288 512
957 SIMPLE_PINHOLE 576 1024 1696.668197187952 288 512
958 SIMPLE_PINHOLE 576 1024 1687.6735324881336 288 512
959 SIMPLE_PINHOLE 576 1024 1730.512117471794 288 512
960 SIMPLE_PINHOLE 576 1024 1730.4524991220776 288 512
961 SIMPLE_PINHOLE 576 1024 1729.2496016155608 288 512
962 SIMPLE_PINHOLE 576 1024 1728.5208704740694 288 512
963 SIMPLE_PINHOLE 576 1024 1730.3831931541868 288 512
964 SIMPLE_PINHOLE 576 1024 1729.6330434395607 288 512
965 SIMPLE_PINHOLE 576 1024 1727.4277775490418 288 512
966 SIMPLE_PINHOLE 576 1024 1727.9032503513263 288 512
967 SIMPLE_PINHOLE 576 1024 1729.138915118901 288 512
968 SIMPLE_PINHOLE 576 1024 1721.6856340576794 288 512
969 SIMPLE_PINHOLE 576 1024 893.24614771960182 288 512
970 SIMPLE_PINHOLE 576 1024 892.58884452746497 288 512
972 SIMPLE_PINHOLE 576 1024 897.35420578224262 288 512
973 SIMPLE_PINHOLE 576 1024 892.69260732756777 288 512
974 SIMPLE_PINHOLE 576 1024 894.5035635766726 288 512
975 SIMPLE_PINHOLE 576 1024 884.34650588433863 288 512
976 SIMPLE_PINHOLE 576 1024 891.65106103929656 288 512
977 SIMPLE_PINHOLE 576 1024 887.07997567805251 288 512
978 SIMPLE_PINHOLE 576 1024 888.57820648968504 288 512
979 SIMPLE_PINHOLE 576 1024 883.72245018989463 288 512
980 SIMPLE_PINHOLE 576 1024 891.86858376634029 288 512
981 SIMPLE_PINHOLE 576 1024 889.2666922987363 288 512
982 SIMPLE_PINHOLE 576 1024 895.88640924659978 288 512
983 SIMPLE_PINHOLE 576 1024 886.51020648739313 288 512
984 SIMPLE_PINHOLE 576 1024 898.4476374558601 288 512
985 SIMPLE_PINHOLE 576 1024 892.23309086756535 288 512
986 SIMPLE_PINHOLE 576 1024 889.39009989208682 288 512
987 SIMPLE_PINHOLE 576 1024 874.06274745820951 288 512
988 SIMPLE_PINHOLE 576 1024 892.89515563001044 288 512
989 SIMPLE_PINHOLE 576 1024 893.86979003697229 288 512
990 SIMPLE_PINHOLE 576 1024 877.26101579265514 288 512
991 SIMPLE_PINHOLE 576 1024 891.60516721187207 288 512
992 SIMPLE_PINHOLE 576 1024 888.47069022177004 288 512
995 SIMPLE_PINHOLE 576 1024 881.96484580803599 288 512
996 SIMPLE_PINHOLE 576 1024 886.37268714537777 288 512
997 SIMPLE_PINHOLE 576 1024 894.67862579956579 288 512
998 SIMPLE_PINHOLE 576 1024 892.87989051003626 288 512
999 SIMPLE_PINHOLE 576 1024 889.17272784356624 288 512
1000 SIMPLE_PINHOLE 576 1024 887.51798083071537 288 512
1001 SIMPLE_PINHOLE 576 1024 900.85112427666331 288 512
1002 SIMPLE_PINHOLE 576 1024 893.46114415072282 288 512
1003 SIMPLE_PINHOLE 576 1024 884.43142322929748 288 512
1004 SIMPLE_PINHOLE 576 1024 889.51790603374423 288 512
1005 SIMPLE_PINHOLE 576 1024 899.39340494225723 288 512
1006 SIMPLE_PINHOLE 576 1024 890.06789180200201 288 512
1007 SIMPLE_PINHOLE 576 1024 866.37210307888688 288 512
1008 SIMPLE_PINHOLE 576 1024 893.70791881177217 288 512
1009 SIMPLE_PINHOLE 576 1024 884.24149552262418 288 512
1010 SIMPLE_PINHOLE 576 1024 899.53485061893423 288 512
1011 SIMPLE_PINHOLE 576 1024 887.29901247383225 288 512
1013 SIMPLE_PINHOLE 576 1024 881.14280579221384 288 512
1014 SIMPLE_PINHOLE 576 1024 895.75566954728902 288 512
1015 SIMPLE_PINHOLE 576 1024 892.72359970490231 288 512
1016 SIMPLE_PINHOLE 576 1024 886.88540875220372 288 512
1017 SIMPLE_PINHOLE 576 1024 892.29484582430871 288 512
1018 SIMPLE_PINHOLE 576 1024 893.87403652111857 288 512
1019 SIMPLE_PINHOLE 576 1024 891.73020586915641 288 512
1020 SIMPLE_PINHOLE 576 1024 892.84664829180315 288 512
1021 SIMPLE_PINHOLE 576 1024 898.60997921519231 288 512
1022 SIMPLE_PINHOLE 576 1024 878.10716387827551 288 512
1023 SIMPLE_PINHOLE 576 1024 889.26072878797754 288 512
1024 SIMPLE_PINHOLE 576 1024 890.53242242512192 288 512
1025 SIMPLE_PINHOLE 576 1024 887.02189125394921 288 512
1026 SIMPLE_PINHOLE 576 1024 857.73440293252554 288 512
1027 SIMPLE_PINHOLE 576 1024 886.98814538856493 288 512
1028 SIMPLE_PINHOLE 576 1024 891.17138329691056 288 512
1029 SIMPLE_PINHOLE 576 1024 901.03463708139248 288 512
1030 SIMPLE_PINHOLE 576 1024 880.15317765939653 288 512
1031 SIMPLE_PINHOLE 576 1024 887.00232772002767 288 512
1032 SIMPLE_PINHOLE 576 1024 886.37933405028741 288 512
1033 SIMPLE_PINHOLE 576 1024 892.95475604170815 288 512
1034 SIMPLE_PINHOLE 576 1024 890.34398886429619 288 512
1035 SIMPLE_PINHOLE 576 1024 888.64196802378319 288 512
1036 SIMPLE_PINHOLE 576 1024 879.99866105371132 288 512
1037 SIMPLE_PINHOLE 576 1024 893.79155675632444 288 512
1038 SIMPLE_PINHOLE 576 1024 891.710158272022 288 512
1040 SIMPLE_PINHOLE 576 1024 884.21227132433216 288 512
1041 SIMPLE_PINHOLE 576 1024 894.78699575960707 288 512
1042 SIMPLE_PINHOLE 576 1024 885.14778754421093 288 512
1043 SIMPLE_PINHOLE 576 1024 888.6794005159943 288 512
1044 SIMPLE_PINHOLE 576 1024 895.09018336588724 288 512
1045 SIMPLE_PINHOLE 576 1024 895.54035819392084 288 512
1046 SIMPLE_PINHOLE 576 1024 886.42042783209024 288 512
1047 SIMPLE_PINHOLE 576 1024 891.60276594200582 288 512
1048 SIMPLE_PINHOLE 576 1024 898.37685351807067 288 512
1049 SIMPLE_PINHOLE 576 1024 889.01493489442964 288 512
1050 SIMPLE_PINHOLE 576 1024 895.09457745626003 288 512
1051 SIMPLE_PINHOLE 576 1024 885.36052964344526 288 512
1052 SIMPLE_PINHOLE 576 1024 902.60139124303089 288 512
1053 SIMPLE_PINHOLE 576 1024 886.39844430981475 288 512
1054 SIMPLE_PINHOLE 576 1024 877.97331757578661 288 512
1055 SIMPLE_PINHOLE 576 1024 878.82218309121072 288 512
1056 SIMPLE_PINHOLE 576 1024 892.51458930045703 288 512
1057 SIMPLE_PINHOLE 576 1024 881.68937768545641 288 512
1058 SIMPLE_PINHOLE 576 1024 889.34826519828312 288 512
1059 SIMPLE_PINHOLE 576 1024 892.07718487742011 288 512
1061 SIMPLE_PINHOLE 576 1024 894.39178052706347 288 512
1062 SIMPLE_PINHOLE 576 1024 891.8105176234269 288 512
1063 SIMPLE_PINHOLE 576 1024 888.22659192692788 288 512
1064 SIMPLE_PINHOLE 576 1024 893.89798812128686 288 512
1065 SIMPLE_PINHOLE 576 1024 885.25011992994041 288 512
1066 SIMPLE_PINHOLE 576 1024 890.07815679753082 288 512
1067 SIMPLE_PINHOLE 576 1024 892.49509366032873 288 512
1068 SIMPLE_PINHOLE 576 1024 892.48517077541885 288 512
1069 SIMPLE_PINHOLE 576 1024 887.64325193264267 288 512
1070 SIMPLE_PINHOLE 576 1024 892.51503417069637 288 512
1071 SIMPLE_PINHOLE 576 1024 883.51803980190459 288 512
1072 SIMPLE_PINHOLE 576 1024 886.0831197073652 288 512
1073 SIMPLE_PINHOLE 576 1024 890.16047529092475 288 512
1074 SIMPLE_PINHOLE 576 1024 901.06265405711031 288 512
1075 SIMPLE_PINHOLE 576 1024 893.63602842161913 288 512
1076 SIMPLE_PINHOLE 576 1024 889.15253057793143 288 512
1077 SIMPLE_PINHOLE 576 1024 890.63144353580469 288 512
1078 SIMPLE_PINHOLE 576 1024 867.36931791826271 288 512
1079 SIMPLE_PINHOLE 576 1024 881.10827683664559 288 512
1080 SIMPLE_PINHOLE 576 1024 886.01444172106255 288 512
1081 SIMPLE_PINHOLE 576 1024 884.61373017772223 288 512
1082 SIMPLE_PINHOLE 576 1024 886.0513475713916 288 512
1083 SIMPLE_PINHOLE 576 1024 900.18608678301882 288 512
1084 SIMPLE_PINHOLE 576 1024 891.46362610436995 288 512
1086 SIMPLE_PINHOLE 576 1024 882.45321031042477 288 512
1087 SIMPLE_PINHOLE 576 1024 895.36293669291354 288 512
1088 SIMPLE_PINHOLE 576 1024 891.44754271266584 288 512
1089 SIMPLE_PINHOLE 576 1024 891.28389632075175 288 512
1090 SIMPLE_PINHOLE 576 1024 892.27105306752799 288 512
1091 SIMPLE_PINHOLE 576 1024 892.11104108503821 288 512
1092 SIMPLE_PINHOLE 576 1024 883.89094415970305 288 512
1093 SIMPLE_PINHOLE 576 1024 891.60968379714666 288 512
1094 SIMPLE_PINHOLE 576 1024 897.49280942201244 288 512
1095 SIMPLE_PINHOLE 576 1024 887.28135551822879 288 512
1096 SIMPLE_PINHOLE 576 1024 898.57614208488326 288 512
1097 SIMPLE_PINHOLE 576 1024 901.09893679115851 288 512
1098 SIMPLE_PINHOLE 576 1024 890.23152553794102 288 512
1099 SIMPLE_PINHOLE 576 1024 894.7629272969167 288 512
1100 SIMPLE_PINHOLE 576 1024 890.64330194930506 288 512
1101 SIMPLE_PINHOLE 576 1024 875.5911445624082 288 512
1102 SIMPLE_PINHOLE 576 1024 886.286291162113 288 512
1103 SIMPLE_PINHOLE 576 1024 891.15721530374037 288 512
1104 SIMPLE_PINHOLE 576 1024 875.65249135486181 288 512
1105 SIMPLE_PINHOLE 576 1024 883.31531468077321 288 512
1106 SIMPLE_PINHOLE 576 1024 890.48702068085129 288 512
1107 SIMPLE_PINHOLE 576 1024 892.4224308164662 288 512
1109 SIMPLE_PINHOLE 576 1024 898.19296142314977 288 512
